Indonesia 0
88	165
81	167
82	166
82	167
82	168
83	165
83	166
83	167
84	153
84	154
84	165
84	166
84	167
85	154
85	155
85	156
85	164
85	165
85	166
85	167
86	155
86	156
86	157
86	162
86	163
86	164
86	165
86	166
86	167
86	168
86	173
87	155
87	156
87	157
87	158
87	162
87	163
87	164
87	165
87	166
87	167
87	170
87	171
87	172
88	156
88	157
88	158
88	159
88	162
88	163
88	164
88	166
88	167
88	170
88	171
89	156
89	157
89	158
89	159
89	160
89	163
89	164
89	165
89	166
89	167
89	169
89	170
90	157
90	158
90	159
90	160
90	163
90	164
90	165
90	166
90	169
90	170
91	158
91	159
91	160
91	161
91	164
91	165
91	169
91	170
92	159
92	160
92	161
92	162
92	169
92	171
93	160
93	161
93	162
94	161
94	162
94	166
94	167
95	164
95	165
95	166
95	167
95	168
95	169
96	165
96	166
96	167
XXX
New Guinea 1
84	182
79	174
79	175
79	176
79	180
79	181
80	174
80	175
80	176
80	180
80	181
80	182
81	175
81	176
81	177
81	179
81	180
81	181
81	182
81	183
81	184
82	175
82	176
82	177
82	178
82	179
82	180
82	181
82	182
82	183
82	184
82	185
82	186
83	178
83	179
83	180
83	181
83	182
83	183
83	184
83	185
83	186
84	179
84	180
84	181
84	183
84	184
84	185
84	186
84	187
85	179
85	180
85	181
85	182
85	183
85	184
85	185
85	186
85	187
86	179
86	180
86	181
86	182
86	183
86	184
86	185
86	186
86	187
87	181
87	182
87	183
87	184
87	186
87	187
87	188
88	187
88	188
XXX
Western Australia 2
106	174
115	166
116	167
115	168
116	167
115	167
114	167
114	168
114	169
115	169
114	169
113	168
113	169
113	167
112	167
112	166
111	166
111	166
110	165
110	166
109	165
109	164
109	164
107	164
108	164
107	164
106	164
106	164
105	164
105	163
104	163
105	164
104	164
104	164
103	164
103	165
104	165
105	165
106	165
107	165
108	165
109	166
108	166
107	166
107	166
106	166
105	166
105	166
104	166
103	166
103	166
102	166
102	167
103	167
104	167
105	167
106	167
107	167
108	167
109	167
110	167
111	167
101	168
102	168
103	168
104	168
105	168
106	168
107	168
108	168
109	168
110	168
111	168
112	168
100	169
101	169
102	169
103	169
104	169
105	169
106	169
107	169
108	169
109	169
111	169
110	169
112	169
99	170
98	170
101	170
100	170
102	170
103	170
104	170
105	170
106	170
107	170
108	170
109	170
110	170
111	170
112	170
113	170
114	170
113	171
112	171
112	171
111	171
110	171
109	171
108	171
108	171
106	171
107	171
105	171
105	171
104	171
103	171
102	171
101	171
100	171
100	171
99	171
98	172
97	172
97	173
96	173
96	174
97	176
96	176
96	175
96	176
95	176
95	176
95	176
95	176
94	176
104	176
104	175
104	174
104	173
104	172
103	172
103	173
103	174
103	175
103	176
102	176
102	175
102	174
102	173
102	172
101	172
100	172
101	173
101	174
101	175
101	176
100	176
100	175
100	174
100	173
99	172
99	173
99	173
98	173
98	174
98	174
97	174
97	175
98	175
98	176
99	176
99	175
99	174
105	178
105	179
105	180
105	181
105	182
105	183
105	184
105	185
112	185
111	185
110	185
109	185
108	185
108	185
106	185
107	185
107	184
107	183
107	182
107	181
107	180
107	179
107	178
108	177
107	176
107	177
108	175
107	174
107	173
108	172
106	172
107	172
105	172
105	173
106	173
105	174
106	174
106	175
105	175
105	176
105	177
106	176
106	177
106	178
106	179
106	180
106	181
106	182
106	183
106	184
107	175
114	171
114	172
114	172
113	172
112	172
111	172
111	172
109	172
110	172
108	173
108	174
109	174
109	173
110	173
110	174
111	173
111	174
113	173
112	174
112	173
111	175
110	175
109	175
109	176
109	176
108	176
110	176
111	176
111	177
111	178
111	179
111	180
111	181
111	182
111	183
111	184
112	184
113	184
114	184
113	183
113	182
112	182
112	183
112	181
110	181
110	182
110	183
110	184
109	184
108	184
108	183
110	183
109	182
109	183
108	182
108	181
108	180
108	179
108	178
110	177
109	177
109	178
110	178
110	179
110	180
109	179
109	180
109	181
110	181
95	174
95	175
98	171
XXX
Eastern Australia 3
102	187
114	186
114	186
115	186
114	186
113	186
116	186
116	187
116	187
116	188
116	189
116	190
116	191
116	192
117	190
117	189
117	188
116	192
114	191
115	191
115	192
115	192
113	192
114	192
115	187
115	187
114	188
114	187
115	188
115	190
115	190
114	189
115	189
114	190
103	178
102	178
101	178
100	178
99	178
98	178
97	178
96	178
95	178
94	178
93	178
94	179
93	180
93	179
94	182
94	182
94	181
94	182
93	181
93	182
94	180
95	179
95	180
95	181
97	181
97	181
97	180
96	180
97	180
96	181
96	179
97	179
98	179
100	179
99	179
102	180
102	180
103	180
103	179
102	179
102	179
102	179
101	180
101	179
115	193
114	193
113	193
113	194
113	194
113	193
112	194
112	193
112	192
112	191
113	191
113	190
112	190
112	189
113	189
113	188
113	187
112	187
112	188
111	188
111	187
110	187
110	188
109	188
109	187
108	187
108	188
107	188
107	187
106	187
106	188
105	188
105	187
104	187
104	188
104	188
102	187
103	188
101	186
100	185
100	185
99	184
98	183
97	182
98	182
98	181
98	180
99	180
100	180
100	181
99	181
99	182
100	182
100	183
99	183
100	184
101	184
102	184
103	184
103	183
103	182
103	181
102	181
102	182
102	183
101	183
101	183
101	181
101	182
103	187
103	187
103	185
103	186
102	186
102	185
102	185
101	185
96	182
98	183
98	183
97	183
98	184
99	185
100	186
100	186
99	186
98	186
98	187
100	187
99	187
99	188
99	189
99	190
99	192
99	191
99	191
98	190
98	191
99	189
98	189
98	188
97	188
97	189
97	187
96	187
96	188
96	189
95	188
95	187
94	187
95	188
94	188
93	188
96	189
96	189
96	189
96	189
95	189
111	192
111	192
110	192
109	192
109	192
108	192
111	189
111	190
111	191
111	191
110	190
110	189
110	192
110	191
110	191
109	191
109	190
109	189
109	189
109	190
108	191
108	190
108	190
108	189
107	189
107	191
107	190
106	190
105	190
104	190
103	190
102	190
101	190
100	190
100	189
100	188
101	187
101	188
101	189
102	189
102	188
103	189
104	189
105	189
106	189
111	193
111	194
111	195
110	195
110	196
110	196
110	196
109	196
108	196
107	196
106	196
109	195
109	194
110	194
110	193
110	193
109	193
108	193
108	194
108	195
107	195
107	194
107	193
107	192
106	191
106	193
106	194
106	195
105	195
105	194
105	193
105	192
105	191
105	191
104	191
103	191
102	191
101	191
100	191
100	192
101	192
102	192
103	192
104	192
106	192
104	193
104	194
104	195
103	194
103	193
102	193
100	193
101	193
102	194
105	196
98	190
97	190
98	185
98	186
97	186
92	180
92	181
XXX
North Africa 4
75	92
62	88
62	89
62	90
62	91
62	92
62	93
62	94
62	95
62	96
63	87
63	88
63	89
63	90
63	91
63	92
63	93
63	94
63	95
63	96
63	97
63	98
63	99
64	84
64	85
64	86
64	87
64	88
64	89
64	90
64	91
64	92
64	93
64	94
64	95
64	96
64	97
64	98
65	83
65	84
65	85
65	86
65	87
65	88
65	89
65	90
65	91
65	92
65	93
65	94
65	95
65	96
65	97
66	83
66	84
66	85
66	86
66	87
66	88
66	89
66	90
66	91
66	92
66	93
66	94
66	95
66	96
66	97
67	82
67	83
67	84
67	85
67	86
67	87
67	88
67	89
67	90
67	91
67	92
67	93
67	94
67	95
67	96
68	82
68	83
68	84
68	85
68	86
68	87
68	88
68	89
68	90
68	91
68	92
68	93
68	94
68	95
68	96
69	81
69	82
69	83
69	84
69	85
69	86
69	87
69	88
69	89
69	90
69	91
69	92
69	93
69	94
69	95
69	96
70	80
70	81
70	82
70	83
70	84
70	85
70	86
70	87
70	88
70	89
70	90
70	91
70	92
70	93
70	94
70	95
70	96
71	80
71	81
71	82
71	83
71	84
71	85
71	86
71	87
71	88
71	89
71	90
71	91
71	92
71	93
71	94
71	95
71	96
71	97
72	78
72	79
72	80
72	81
72	82
72	83
72	84
72	85
72	86
72	87
72	88
72	89
72	90
72	91
72	92
72	93
72	94
72	95
72	96
72	97
72	98
73	79
73	80
73	81
73	82
73	83
73	84
73	85
73	86
73	87
73	88
73	89
73	90
73	91
73	92
73	93
73	94
73	95
73	96
73	97
73	98
73	99
74	79
74	80
74	81
74	82
74	83
74	84
74	85
74	86
74	87
74	88
74	89
74	90
74	91
74	92
74	93
74	94
74	95
74	96
74	97
74	98
74	99
74	100
74	101
74	102
75	79
75	80
75	81
75	82
75	83
75	84
75	85
75	86
75	87
75	88
75	89
75	90
75	91
75	92
75	93
75	94
75	95
75	96
75	97
75	98
75	99
75	100
75	101
75	102
75	103
76	79
76	80
76	81
76	82
76	83
76	84
76	85
76	86
76	87
76	88
76	89
76	90
76	91
76	92
76	93
76	94
76	95
76	96
76	97
76	98
76	99
76	100
76	101
76	102
76	103
76	104
76	105
77	78
77	79
77	80
77	81
77	82
77	83
77	84
77	85
77	86
77	87
77	88
77	89
77	90
77	91
77	92
77	93
77	94
77	95
77	96
77	97
77	98
77	99
77	100
77	101
77	102
77	103
77	104
77	105
78	78
78	79
78	80
78	81
78	82
78	83
78	84
78	85
78	86
78	87
78	88
78	89
78	90
78	91
78	92
78	93
78	94
78	95
78	96
78	97
78	98
78	99
78	100
78	101
78	102
78	103
78	104
78	105
79	78
79	79
79	80
79	81
79	82
79	83
79	84
79	85
79	86
79	87
79	88
79	89
79	90
79	91
79	92
79	93
79	94
79	95
79	96
79	97
79	98
79	99
79	100
79	101
79	102
79	103
79	104
79	105
80	79
80	80
80	81
80	82
80	83
80	84
80	85
80	86
80	87
80	88
80	89
80	90
80	91
80	92
80	93
80	94
80	95
80	96
80	97
80	98
80	99
80	100
80	101
80	102
80	103
80	104
80	105
81	80
81	81
81	82
81	83
81	84
81	85
81	86
81	87
81	88
81	89
81	90
81	91
81	92
81	93
81	94
81	95
81	96
81	97
81	98
81	99
81	100
81	101
81	102
81	103
81	104
81	105
82	81
82	82
82	83
82	84
82	85
82	86
82	87
82	88
82	89
82	90
82	91
82	92
82	93
82	94
82	95
82	96
82	97
82	98
82	99
82	100
82	101
82	102
82	103
82	104
82	105
83	81
83	82
83	83
83	84
83	85
83	86
83	87
83	88
83	89
83	90
83	91
83	92
83	93
83	94
83	95
83	96
83	97
83	98
83	99
83	100
83	101
83	102
83	103
83	104
83	105
84	82
84	83
84	84
84	85
84	86
84	87
84	88
84	89
84	90
84	91
84	92
84	93
84	94
84	95
84	96
84	97
84	98
84	99
84	100
84	101
84	102
84	103
85	83
85	84
85	85
85	86
85	87
85	88
85	89
85	90
85	91
85	92
85	93
85	94
85	95
85	96
85	97
85	98
85	99
85	100
85	101
86	95
86	96
86	97
86	98
86	99
86	100
86	101
87	98
87	99
87	100
87	101
88	98
88	99
88	100
88	101
XXX
Congo 5
91	105
84	106
85	104
85	105
85	106
85	107
86	103
86	104
86	105
86	106
86	107
86	108
87	103
87	104
87	105
87	106
87	107
87	108
87	109
88	103
88	104
88	105
88	106
88	107
88	108
88	109
88	110
88	111
88	112
88	113
88	114
89	103
89	104
89	105
89	106
89	107
89	108
89	109
89	110
89	111
89	112
89	113
90	97
90	98
90	99
90	100
90	101
90	102
90	103
90	104
90	105
90	106
90	107
90	108
90	109
90	110
90	111
90	112
90	113
91	97
91	98
91	99
91	100
91	101
91	102
91	103
91	104
91	105
91	106
91	107
91	108
91	109
91	110
91	111
91	112
92	98
92	99
92	100
92	101
92	102
92	103
92	104
92	105
92	106
92	107
92	108
92	109
92	110
92	111
93	99
93	100
93	101
93	102
93	103
93	104
93	105
93	106
93	107
93	108
93	109
93	110
94	102
94	103
94	104
94	105
94	106
94	107
94	108
94	109
94	110
95	103
95	106
95	107
95	108
95	109
95	110
96	107
96	108
96	109
96	110
97	107
97	108
97	109
98	108
98	109
98	110
XXX
Eygpt 6
70	105
65	99
65	100
66	99
66	100
66	101
66	106
66	107
67	98
67	99
67	100
67	101
67	102
67	106
67	107
67	108
68	98
68	99
68	100
68	101
68	102
68	103
68	104
68	105
68	106
68	107
68	108
68	109
68	110
68	111
68	112
68	113
69	98
69	99
69	100
69	101
69	102
69	103
69	104
69	105
69	106
69	107
69	108
69	109
69	110
69	111
69	112
69	113
70	98
70	99
70	100
70	101
70	102
70	103
70	104
70	105
70	106
70	107
70	108
70	109
70	110
70	111
70	112
70	113
71	99
71	100
71	101
71	102
71	103
71	104
71	105
71	106
71	107
71	108
71	109
71	110
71	111
71	112
71	113
72	100
72	101
72	102
72	103
72	104
72	105
72	106
72	107
72	108
72	109
72	110
72	111
72	112
72	113
72	114
73	104
73	105
73	106
73	107
74	105
74	106
XXX
East Africa 7
85	117
74	108
74	109
74	110
74	111
74	112
74	113
74	114
74	115
74	116
75	107
75	108
75	109
75	110
75	111
75	112
75	113
75	114
75	115
75	116
76	107
76	108
76	109
76	110
76	111
76	112
76	113
76	114
76	115
76	116
77	107
77	108
77	109
77	110
77	111
77	112
77	113
77	114
77	115
77	116
77	117
78	107
78	108
78	109
78	110
78	111
78	112
78	113
78	114
78	115
78	116
78	117
78	118
79	107
79	108
79	109
79	110
79	111
79	112
79	113
79	114
79	115
79	116
79	117
79	118
80	107
80	108
80	109
80	110
80	111
80	112
80	113
80	114
80	115
80	116
80	117
80	118
80	119
80	120
81	107
81	108
81	109
81	110
81	111
81	112
81	113
81	114
81	115
81	116
81	117
81	118
81	119
81	120
81	121
82	107
82	108
82	109
82	110
82	111
82	112
82	113
82	114
82	115
82	116
82	117
82	118
82	119
82	120
82	121
83	107
83	108
83	109
83	110
83	111
83	112
83	113
83	114
83	115
83	116
83	117
83	118
83	119
83	120
83	121
83	125
83	126
84	108
84	109
84	110
84	111
84	112
84	113
84	114
84	115
84	116
84	117
84	118
84	119
84	120
84	121
84	122
84	123
84	124
84	125
84	126
85	109
85	110
85	111
85	112
85	113
85	114
85	115
85	116
85	117
85	118
85	119
85	120
85	121
85	122
85	123
85	124
85	125
86	110
86	111
86	112
86	113
86	114
86	115
86	116
86	117
86	118
86	119
86	120
86	121
86	122
86	123
86	124
87	115
87	116
87	117
87	118
87	119
87	120
87	121
87	122
87	123
87	124
88	116
88	117
88	118
88	119
88	120
88	121
88	122
88	123
89	115
89	116
89	117
89	118
89	119
89	120
89	121
89	122
90	115
90	116
90	117
90	118
90	119
90	120
90	121
90	122
91	114
91	115
91	116
91	117
91	118
91	119
91	120
92	113
92	114
92	115
92	116
92	117
92	118
92	119
93	112
93	113
93	114
93	115
93	116
93	117
93	118
94	112
94	113
94	114
94	115
94	116
94	117
95	112
95	113
95	114
95	115
95	116
95	117
96	113
96	114
96	115
96	116
96	117
97	113
97	114
97	115
97	116
97	117
98	114
98	115
99	115
100	115
101	115
XXX
South Africa 8
106	107
95	99
95	100
95	101
96	100
96	101
96	104
96	105
97	101
97	102
97	103
97	104
97	105
97	111
98	100
98	101
98	102
98	103
98	104
98	105
98	112
99	101
99	102
99	103
99	104
99	105
99	106
99	112
99	113
99	117
99	118
100	100
100	101
100	102
100	103
100	104
100	105
100	106
100	107
100	108
100	109
100	110
100	111
100	112
100	113
100	117
100	118
101	100
101	101
101	102
101	103
101	104
101	105
101	106
101	107
101	108
101	109
101	110
101	111
101	112
101	113
101	117
101	118
102	99
102	100
102	101
102	102
102	103
102	104
102	105
102	106
102	107
102	108
102	109
102	110
102	111
102	112
102	113
102	116
102	117
102	118
103	99
103	100
103	101
103	102
103	103
103	104
103	105
103	106
103	107
103	108
103	109
103	110
103	111
103	112
103	113
103	114
103	115
103	116
103	117
103	118
104	99
104	100
104	101
104	102
104	103
104	104
104	105
104	106
104	107
104	108
104	109
104	110
104	111
104	112
104	113
104	114
104	115
104	116
105	100
105	101
105	102
105	103
105	104
105	105
105	106
105	107
105	108
105	109
105	110
105	111
105	112
105	113
105	114
105	115
106	101
106	102
106	103
106	104
106	105
106	106
106	107
106	108
106	109
106	110
106	111
106	112
106	113
106	114
107	101
107	102
107	103
107	104
107	105
107	106
107	107
107	108
107	109
107	110
107	111
107	112
107	113
107	114
108	101
108	102
108	103
108	104
108	105
108	106
108	107
108	108
108	109
108	110
108	111
108	112
108	113
108	114
109	101
109	102
109	103
109	104
109	105
109	106
109	107
109	108
109	109
109	110
109	111
109	112
109	113
110	101
110	102
110	103
110	104
110	105
110	106
110	107
110	108
110	109
110	110
110	111
110	112
110	113
111	101
111	102
111	103
111	104
111	105
111	106
111	107
111	108
111	109
111	110
111	111
111	112
112	102
112	103
112	104
112	105
112	106
112	107
112	108
112	109
112	110
112	111
112	112
113	102
113	103
113	104
113	105
113	106
113	107
113	108
113	109
113	110
113	111
114	103
114	104
114	105
114	106
114	107
114	108
114	109
114	110
115	103
115	104
115	105
115	106
115	107
115	108
115	109
116	103
116	104
116	105
116	106
116	107
XXX
Madagascar 9
107	126
100	129
100	130
101	128
101	129
101	130
102	128
102	129
102	130
103	127
103	128
103	129
103	130
104	124
104	125
104	126
104	127
104	128
104	129
105	123
105	124
105	125
105	126
105	127
105	128
105	129
106	123
106	124
106	125
106	126
106	127
106	128
107	123
107	124
107	125
107	126
107	127
107	128
108	123
108	124
108	125
108	126
108	127
108	128
109	122
109	123
109	124
109	125
109	126
109	127
110	121
110	122
110	123
110	124
110	125
110	126
110	127
111	122
111	123
111	124
111	125
111	126
112	122
112	123
112	124
112	125
113	122
113	123
113	124
XXX
Argentina 10
99	49
88	43
89	43
89	44
89	45
89	47
89	48
90	44
90	45
90	46
90	47
90	48
90	49
90	50
91	44
91	45
91	46
91	47
91	48
91	49
91	50
91	51
91	52
91	53
92	44
92	45
92	46
92	47
92	48
92	49
92	50
92	51
92	52
92	53
93	44
93	45
93	46
93	47
93	48
93	49
93	50
93	51
93	52
93	53
93	54
93	55
94	43
94	44
94	45
94	46
94	47
94	48
94	49
94	50
94	51
94	52
94	53
94	54
94	55
95	43
95	44
95	45
95	46
95	47
95	48
95	49
95	50
95	51
95	52
95	53
95	54
95	55
96	44
96	45
96	46
96	47
96	48
96	49
96	50
96	51
96	52
96	53
96	54
96	55
96	56
97	44
97	45
97	46
97	47
97	48
97	49
97	50
97	51
97	52
97	53
97	54
97	55
97	56
97	57
98	44
98	45
98	46
98	47
98	48
98	49
98	50
98	51
98	52
98	53
98	54
98	55
98	56
98	57
99	44
99	45
99	46
99	47
99	48
99	49
99	50
99	51
99	52
99	53
99	54
99	55
99	56
99	57
100	43
100	44
100	45
100	46
100	47
100	48
100	49
100	50
100	51
100	52
100	53
100	54
100	55
101	43
101	44
101	45
101	46
101	47
101	48
101	49
101	50
101	51
101	52
101	53
101	54
101	55
102	43
102	44
102	45
102	46
102	47
102	48
102	49
102	50
102	51
102	52
102	53
102	54
102	55
103	43
103	44
103	45
103	46
103	47
103	48
103	49
103	50
103	51
103	52
103	53
104	43
104	44
104	45
104	46
104	47
104	48
104	49
104	50
104	51
105	44
105	45
105	46
105	47
105	48
105	49
106	45
106	46
106	47
106	48
106	49
106	50
107	45
107	46
107	47
107	48
107	49
107	50
108	45
108	46
108	47
108	48
108	49
108	50
109	44
109	45
109	46
109	47
109	48
109	49
110	44
110	45
110	46
110	47
110	48
110	49
111	45
111	46
111	47
111	48
111	49
111	50
112	45
112	46
112	47
112	48
112	49
113	45
113	46
113	47
113	48
114	45
114	46
114	47
114	48
115	46
115	47
115	48
116	47
116	48
116	49
117	48
117	49
117	50
XXX
Venezuela 11
67	43
63	42
64	40
64	41
64	42
64	43
64	44
65	39
65	40
65	41
65	42
65	43
65	44
65	45
65	46
65	47
65	48
65	49
65	50
66	38
66	39
66	40
66	41
66	42
66	43
66	44
66	45
66	46
66	47
66	48
66	49
66	50
66	51
66	52
67	37
67	38
67	39
67	40
67	41
67	42
67	43
67	44
67	45
67	46
67	47
67	48
67	49
67	50
67	51
67	52
67	53
68	37
68	38
68	39
68	40
68	41
68	42
68	43
68	44
68	45
68	46
68	47
68	48
68	49
68	50
68	51
68	52
68	53
68	54
68	55
69	37
69	38
69	39
69	40
69	41
69	42
69	43
69	44
69	45
69	46
69	47
69	49
69	52
69	53
69	54
69	55
69	56
69	57
70	36
70	37
70	38
70	39
70	40
70	41
70	42
70	43
70	44
70	45
70	46
70	47
70	52
70	53
70	54
70	55
71	37
71	38
71	39
71	40
71	41
71	42
71	43
72	38
72	39
72	40
72	41
72	42
73	40
73	41
73	42
73	43
XXX
Peru 12
82	42
72	35
73	34
73	35
73	36
74	34
74	35
74	36
74	37
74	38
75	34
75	35
75	36
75	37
75	38
75	39
75	40
76	34
76	35
76	36
76	37
76	38
76	39
77	34
77	35
77	36
77	37
77	38
78	35
78	36
78	37
78	38
78	39
79	36
79	37
79	38
79	39
79	40
79	42
80	42
79	41
80	37
80	38
80	39
80	40
80	41
81	38
81	39
81	40
81	41
81	42
81	43
81	44
81	45
81	46
81	47
82	38
82	39
82	40
82	41
82	42
82	43
82	44
82	45
82	46
82	47
82	48
83	39
83	40
83	41
83	42
83	43
83	44
83	45
83	46
83	47
83	48
83	49
83	50
83	51
84	41
84	42
84	43
84	44
84	45
84	46
84	47
84	48
84	49
84	50
84	51
85	42
85	43
85	44
85	45
85	46
85	47
85	48
85	49
85	50
85	51
85	52
86	44
86	45
86	46
86	47
86	48
86	49
86	50
86	51
86	52
86	53
87	45
87	46
87	47
87	48
87	49
87	50
87	51
87	52
87	53
88	46
88	49
88	50
88	51
88	52
88	53
89	52
89	53
89	54
89	55
90	54
90	55
91	55
XXX
Brazil 13
79	59
70	50
70	59
71	49
71	50
71	51
71	57
71	58
71	59
71	60
72	44
72	45
72	46
72	47
72	48
72	49
72	50
72	51
72	52
72	53
72	54
72	55
72	56
72	57
72	58
72	59
72	60
72	61
73	45
73	46
73	47
73	48
73	49
73	50
73	51
73	52
73	53
73	54
73	55
73	56
73	57
73	58
73	59
73	60
73	61
73	62
73	63
74	45
74	46
74	47
74	48
74	49
74	50
74	51
74	52
74	53
74	54
74	55
74	56
74	57
74	58
74	59
74	60
74	61
74	62
74	63
74	64
74	65
74	66
74	67
74	68
74	69
75	42
75	43
75	44
75	45
75	46
75	47
75	48
75	49
75	50
75	51
75	52
75	53
75	54
75	55
75	56
75	57
75	58
75	59
75	60
75	61
75	62
75	63
75	64
75	65
75	66
75	67
75	68
75	69
75	70
75	71
76	41
76	42
76	43
76	44
76	45
76	46
76	47
76	48
76	49
76	50
76	51
76	52
76	53
76	54
76	55
76	56
76	57
76	58
76	59
76	60
76	61
76	62
76	63
76	64
76	65
76	66
76	67
76	68
76	69
76	70
76	71
76	72
77	41
77	42
77	43
77	44
77	45
77	46
77	47
77	48
77	49
77	50
77	51
77	52
77	53
77	54
77	55
77	56
77	57
77	58
77	59
77	60
77	61
77	62
77	63
77	64
77	65
77	66
77	67
77	68
77	69
77	70
77	71
77	72
78	44
78	45
78	46
78	47
78	48
78	49
78	50
78	51
78	52
78	53
78	54
78	55
78	56
78	57
78	58
78	59
78	60
78	61
78	62
78	63
78	64
78	65
78	66
78	67
78	68
78	69
78	70
78	71
78	72
79	44
79	45
79	46
79	47
79	48
79	49
79	50
79	51
79	52
79	53
79	54
79	55
79	56
79	57
79	58
79	59
79	60
79	61
79	62
79	63
79	64
79	65
79	66
79	67
79	68
79	69
79	70
79	71
80	49
80	50
80	51
80	52
80	53
80	54
80	55
80	56
80	57
80	58
80	59
80	60
80	61
80	62
80	63
80	64
80	65
80	66
80	67
80	68
80	69
81	50
81	51
81	52
81	53
81	54
81	55
81	56
81	57
81	58
81	59
81	60
81	61
81	62
81	63
81	64
81	65
81	66
81	67
81	68
82	53
82	54
82	55
82	56
82	57
82	58
82	59
82	60
82	61
82	62
82	63
82	64
82	65
82	66
82	67
82	68
83	53
83	54
83	55
83	56
83	57
83	58
83	59
83	60
83	61
83	62
83	63
83	64
83	65
83	66
83	67
83	68
84	54
84	55
84	56
84	57
84	58
84	59
84	60
84	61
84	62
84	63
84	64
84	65
84	66
84	67
84	68
85	55
85	56
85	57
85	58
85	59
85	60
85	61
85	62
85	63
85	64
85	65
85	66
85	67
86	55
86	56
86	57
86	58
86	59
86	60
86	61
86	62
86	63
86	64
86	65
86	66
86	67
87	55
87	56
87	57
87	58
87	59
87	60
87	61
87	62
87	63
87	64
87	65
87	66
88	56
88	57
88	58
88	59
88	60
88	61
88	62
88	63
88	64
88	65
89	57
89	58
89	59
89	60
89	61
89	62
90	58
90	59
90	60
90	61
91	58
91	59
91	60
91	61
92	58
92	59
92	60
92	61
93	57
93	58
93	59
93	60
94	57
94	58
94	59
94	60
95	58
95	59
96	58
96	59
90	57
91	57
92	57
73	64
XXX
Ireland and UK 14
37	80
29	78
29	79
29	80
30	78
30	79
30	80
30	81
31	77
31	78
31	79
31	80
31	81
32	77
32	78
32	79
32	80
33	78
33	79
33	80
34	78
34	79
34	80
34	81
35	75
35	79
35	80
35	81
35	82
36	74
36	75
36	79
36	80
36	81
36	82
36	83
37	73
37	74
37	75
37	79
37	80
37	81
37	82
37	83
37	84
38	73
38	74
38	75
38	79
38	80
38	81
38	82
38	83
38	84
38	85
39	73
39	74
39	75
39	80
39	81
39	82
39	83
39	84
39	85
40	72
40	73
40	74
40	75
40	79
40	80
40	81
40	82
40	83
40	84
40	85
41	70
41	71
41	72
41	73
41	74
41	75
41	79
41	80
41	81
41	82
41	83
41	84
41	85
42	70
42	71
42	72
42	73
42	74
42	79
42	80
42	81
42	82
42	83
43	71
43	72
43	73
43	78
43	79
XXX
Iceland 15
23	83
20	79
20	85
20	86
20	87
21	78
21	79
21	80
21	82
21	83
21	84
21	85
21	86
21	87
21	88
22	78
22	79
22	80
22	81
22	82
22	83
22	84
22	85
22	86
22	87
22	88
23	79
23	80
23	81
23	82
23	83
23	84
23	85
23	86
23	87
23	88
24	80
24	81
24	82
24	83
24	84
24	85
24	86
24	87
25	80
25	81
25	82
25	83
25	84
25	85
25	86
XXX
Western Europe 16
52	84
43	87
43	88
44	86
44	87
44	88
44	89
45	84
45	85
45	86
45	87
45	88
45	89
45	90
46	83
46	84
46	85
46	86
46	87
46	88
46	89
46	90
47	80
47	81
47	82
47	83
47	84
47	85
47	86
47	87
47	88
47	89
47	90
48	81
48	82
48	83
48	84
48	85
48	86
48	87
48	88
48	89
48	90
49	83
49	84
49	85
49	86
49	87
49	88
49	89
50	83
50	84
50	85
50	86
50	87
50	88
50	89
51	83
51	84
51	85
51	86
51	87
51	88
51	89
51	90
52	77
52	78
52	82
52	83
52	84
52	85
52	86
52	87
52	88
52	89
52	90
53	76
53	77
53	78
53	79
53	82
53	83
53	84
53	85
53	86
53	87
53	90
54	76
54	77
54	78
54	79
54	80
54	81
54	82
54	83
54	84
54	85
54	86
54	87
55	78
55	79
55	80
55	81
55	82
55	83
55	84
55	85
55	86
55	87
55	88
56	78
56	79
56	80
56	81
56	82
56	83
56	84
56	85
56	86
56	87
57	78
57	79
57	80
57	81
57	82
57	83
57	84
57	85
57	86
57	87
57	88
58	78
58	79
58	80
58	81
58	82
58	83
58	84
58	85
58	86
58	87
58	88
59	77
59	78
59	79
59	80
59	81
59	82
59	83
59	84
59	85
59	86
59	87
60	77
60	78
60	79
60	80
60	81
60	82
60	83
60	84
60	85
60	86
61	78
61	79
61	80
61	81
61	82
61	83
61	84
61	85
62	83
62	84
XXX
Southern Europe 17
49	98
44	104
44	105
45	98
45	103
45	104
45	105
45	106
46	97
46	98
46	99
46	103
46	104
46	105
46	106
47	92
47	93
47	94
47	95
47	96
47	97
47	98
47	99
47	100
47	103
47	104
47	105
47	106
48	92
48	93
48	94
48	95
48	96
48	97
48	98
48	99
48	100
48	101
48	102
48	103
48	104
48	105
48	106
49	91
49	92
49	93
49	94
49	95
49	96
49	97
49	98
49	99
49	100
49	101
49	102
49	103
49	104
49	105
49	106
49	107
50	91
50	92
50	93
50	94
50	95
50	96
50	97
50	98
50	99
50	100
50	101
50	102
50	103
50	104
50	105
50	106
50	107
51	92
51	93
51	94
51	95
51	96
51	97
51	98
51	99
51	100
51	101
51	102
51	103
51	104
51	105
51	106
52	92
52	93
52	94
52	95
52	96
52	100
52	101
52	102
52	103
52	104
52	105
53	93
53	94
53	95
53	101
53	102
53	103
53	104
54	93
54	94
54	95
54	96
54	101
54	102
54	103
54	104
55	94
55	95
55	96
55	97
55	101
55	102
55	103
55	104
56	95
56	96
56	97
56	101
56	102
56	103
56	104
57	96
57	102
57	103
58	95
58	102
58	103
58	104
59	102
59	103
59	104
60	102
60	103
XXX
Northern Europe 18
39	98
32	95
33	95
34	95
34	96
34	98
34	99
34	100
34	101
34	102
34	103
34	104
35	94
35	95
35	96
35	97
35	98
35	99
35	100
35	101
35	102
35	103
35	104
35	105
36	93
36	94
36	95
36	96
36	97
36	98
36	99
36	100
36	101
36	102
36	103
36	104
36	105
37	92
37	93
37	94
37	95
37	96
37	97
37	98
37	99
37	100
37	101
37	102
37	103
37	104
37	105
37	106
38	91
38	92
38	93
38	94
38	95
38	96
38	97
38	98
38	99
38	100
38	101
38	102
38	103
38	104
38	105
38	106
39	90
39	91
39	92
39	93
39	94
39	95
39	96
39	97
39	98
39	99
39	100
39	101
39	102
39	103
39	104
39	105
39	106
40	90
40	91
40	92
40	93
40	94
40	95
40	96
40	97
40	98
40	99
40	100
40	101
40	102
40	103
40	104
40	105
41	90
41	91
41	92
41	93
41	94
41	95
41	96
41	97
41	98
41	99
41	100
41	101
41	102
41	103
42	90
42	91
42	92
42	93
42	94
42	95
42	96
42	97
42	98
42	99
42	100
42	101
42	102
43	90
43	91
43	92
43	93
43	94
43	95
43	96
43	97
43	98
43	99
43	100
43	101
43	102
43	103
44	91
44	92
44	93
44	94
44	95
44	96
44	97
44	99
44	100
44	101
44	102
45	92
45	93
45	94
45	95
45	96
45	100
45	101
46	101
XXX
Ukraine 19
31	118
14	123
14	124
14	127
14	128
14	129
15	109
15	110
15	111
15	112
15	113
15	114
15	122
15	123
15	124
15	125
15	126
15	127
15	128
15	129
15	130
16	108
16	109
16	110
16	111
16	112
16	113
16	114
16	118
16	121
16	122
16	123
16	124
16	125
16	126
16	127
16	128
16	129
16	130
17	108
17	109
17	110
17	119
17	120
17	121
17	122
17	123
17	124
17	125
17	126
17	127
17	128
17	129
17	130
18	108
18	109
18	118
18	119
18	120
18	121
18	122
18	123
18	124
18	125
18	126
18	127
18	128
18	129
19	108
19	109
19	110
19	117
19	118
19	119
19	120
19	121
19	122
19	123
19	124
19	125
19	126
19	127
19	128
19	129
20	109
20	110
20	111
20	115
20	116
20	117
20	118
20	119
20	120
20	121
20	122
20	123
20	124
20	125
20	126
20	127
20	128
20	129
21	109
21	110
21	111
21	112
21	114
21	115
21	116
21	117
21	118
21	119
21	120
21	121
21	122
21	123
21	124
21	125
21	126
21	127
21	128
21	129
22	109
22	110
22	111
22	112
22	113
22	114
22	115
22	116
22	117
22	118
22	119
22	120
22	121
22	122
22	123
22	124
22	125
22	126
22	127
22	128
22	129
22	130
23	109
23	110
23	111
23	112
23	113
23	114
23	115
23	116
23	117
23	118
23	119
23	120
23	121
23	122
23	123
23	124
23	125
23	126
23	127
23	128
23	129
23	130
24	110
24	111
24	112
24	113
24	114
24	115
24	116
24	117
24	118
24	119
24	120
24	121
24	122
24	123
24	124
24	125
24	126
24	127
24	128
24	129
25	109
25	110
25	111
25	112
25	113
25	114
25	115
25	116
25	117
25	118
25	119
25	120
25	121
25	122
25	123
25	124
25	125
25	126
25	127
25	128
25	129
26	108
26	109
26	110
26	111
26	112
26	113
26	114
26	115
26	116
26	117
26	118
26	119
26	120
26	121
26	122
26	123
26	124
26	125
26	126
26	127
26	128
26	129
26	130
27	106
27	107
27	108
27	109
27	110
27	111
27	112
27	113
27	114
27	115
27	116
27	117
27	118
27	119
27	120
27	121
27	122
27	123
27	124
27	125
27	126
27	127
27	128
27	129
27	130
28	106
28	107
28	108
28	109
28	110
28	111
28	112
28	113
28	114
28	115
28	116
28	117
28	118
28	119
28	120
28	121
28	122
28	123
28	124
28	125
28	126
28	127
28	128
28	129
29	107
29	108
29	109
29	110
29	111
29	112
29	113
29	114
29	115
29	116
29	117
29	118
29	119
29	120
29	121
29	122
29	123
29	124
29	125
29	126
29	127
29	128
29	129
29	130
30	104
30	106
30	107
30	108
30	109
30	110
30	111
30	112
30	113
30	114
30	115
30	116
30	117
30	118
30	119
30	120
30	121
30	122
30	123
30	124
30	125
30	126
30	127
30	128
30	129
30	130
30	131
31	104
31	105
31	106
31	107
31	108
31	109
31	110
31	111
31	112
31	113
31	114
31	115
31	116
31	117
31	118
31	119
31	120
31	121
31	122
31	123
31	124
31	125
31	126
31	127
31	128
31	129
31	130
32	104
32	105
32	106
32	107
32	108
32	109
32	110
32	111
32	112
32	113
32	114
32	115
32	116
32	117
32	118
32	119
32	120
32	121
32	122
32	123
32	124
32	125
32	126
32	127
32	128
32	129
32	130
33	105
33	106
33	107
33	108
33	109
33	110
33	111
33	112
33	113
33	114
33	115
33	116
33	117
33	118
33	119
33	120
33	121
33	122
33	123
33	124
33	125
33	126
33	127
33	128
33	129
33	130
34	106
34	107
34	108
34	109
34	110
34	111
34	112
34	113
34	114
34	115
34	116
34	117
34	118
34	119
34	120
34	121
34	122
34	123
34	124
34	125
34	126
34	129
35	107
35	108
35	109
35	110
35	111
35	112
35	113
35	114
35	115
35	116
35	117
35	118
35	119
35	120
35	121
35	122
35	123
36	107
36	108
36	109
36	110
36	111
36	112
36	113
36	114
36	115
36	116
36	117
36	118
36	119
36	120
36	121
37	108
37	109
37	110
37	111
37	112
37	113
37	114
37	115
37	116
37	117
37	118
37	119
37	120
37	121
38	108
38	109
38	110
38	111
38	112
38	113
38	114
38	115
38	116
38	117
38	118
38	119
38	120
39	108
39	109
39	110
39	111
39	112
39	113
39	114
39	115
39	116
39	117
39	118
39	119
39	120
40	107
40	108
40	109
40	110
40	111
40	112
40	113
40	114
40	115
40	116
40	117
40	118
40	119
40	120
41	106
41	107
41	108
41	109
41	110
41	111
41	112
41	113
41	114
41	115
41	116
41	117
41	118
41	119
41	120
41	121
42	104
42	105
42	106
42	107
42	108
42	109
42	110
42	111
42	112
42	113
42	114
42	115
42	116
42	117
42	118
42	119
42	120
42	121
43	106
43	107
43	108
43	109
43	110
43	111
43	112
43	113
43	114
43	115
43	116
43	117
43	118
43	119
43	120
43	121
43	122
44	107
44	108
44	109
44	110
44	111
44	112
44	113
44	114
44	115
44	116
44	117
44	118
44	119
44	120
44	121
45	108
45	109
45	110
45	111
45	112
45	113
45	114
45	115
45	116
45	117
45	118
45	119
45	120
46	108
46	109
46	110
46	111
46	112
46	113
46	116
46	117
46	118
46	119
46	120
46	121
47	108
47	109
47	111
47	112
47	117
47	118
47	119
47	120
47	121
47	122
48	112
48	116
48	117
48	118
48	119
48	120
48	121
48	122
49	116
49	117
49	118
49	119
49	120
49	121
49	122
49	123
50	117
50	118
50	119
50	120
50	121
50	122
50	123
51	118
51	119
51	120
51	121
51	122
51	123
52	119
52	120
52	121
52	122
XXX
Scandinavia 20
21	99
13	103
13	107
14	102
14	103
14	104
14	105
14	106
14	107
15	98
15	99
15	101
15	102
15	103
15	104
15	105
15	106
15	107
16	98
16	99
16	100
16	101
16	102
16	103
16	104
16	105
16	106
17	98
17	99
17	100
17	101
17	102
17	103
17	104
17	105
17	106
18	97
18	98
18	99
18	100
18	101
18	102
18	103
18	104
18	105
18	106
19	96
19	97
19	98
19	99
19	100
19	101
19	102
19	103
19	104
19	105
19	106
20	95
20	96
20	97
20	98
20	99
20	100
20	101
20	102
20	103
20	104
20	105
20	106
20	107
21	94
21	95
21	96
21	97
21	98
21	99
21	100
21	101
21	102
21	103
21	104
21	105
21	106
21	107
22	93
22	94
22	95
22	96
22	97
22	98
22	99
22	100
22	101
22	102
22	104
22	105
22	106
22	107
23	92
23	93
23	94
23	95
23	96
23	97
23	98
23	99
23	100
23	101
23	105
23	106
23	107
24	91
24	92
24	93
24	94
24	95
24	96
24	97
24	98
24	99
24	100
24	105
24	106
24	107
24	108
25	91
25	92
25	93
25	94
25	95
25	96
25	97
25	98
25	99
25	100
25	106
26	92
26	93
26	94
26	95
26	96
26	97
26	98
26	99
26	100
27	93
27	94
27	95
27	96
27	97
27	98
27	99
27	100
28	93
28	94
28	96
28	97
28	98
28	99
29	97
29	98
29	99
30	98
XXX
GREENLAND 21
11	67
17	61
2	66
2	67
2	68
2	69
2	70
2	71
2	72
3	65
3	66
3	67
3	68
3	69
3	70
3	71
3	72
3	73
4	63
4	64
4	65
4	66
4	67
4	68
4	69
4	70
4	71
4	72
4	73
4	74
4	75
4	76
4	77
5	58
5	59
5	60
5	61
5	62
5	63
5	64
5	65
5	66
5	67
5	68
5	69
5	70
5	71
5	72
5	73
5	74
5	75
5	76
6	57
6	58
6	59
6	60
6	61
6	62
6	63
6	64
6	65
6	66
6	67
6	68
6	69
6	70
6	71
6	72
6	73
6	74
6	75
6	76
7	55
7	56
7	57
7	58
7	59
7	60
7	61
7	62
7	63
7	64
7	65
7	66
7	67
7	68
7	69
7	70
7	71
7	72
7	73
7	74
7	75
7	76
8	55
8	56
8	57
8	58
8	59
8	60
8	61
8	62
8	63
8	64
8	65
8	66
8	67
8	68
8	69
8	70
8	71
8	72
8	73
8	74
8	75
8	76
9	54
9	55
9	56
9	57
9	58
9	59
9	60
9	61
9	62
9	63
9	64
9	65
9	66
9	67
9	68
9	69
9	70
9	71
9	72
9	73
9	74
9	75
9	76
10	53
10	54
10	55
10	56
10	57
10	58
10	59
10	60
10	61
10	62
10	63
10	64
10	65
10	66
10	67
10	68
10	69
10	70
10	71
10	72
10	73
10	74
10	75
10	76
11	58
11	59
11	60
11	61
11	62
11	63
11	64
11	65
11	66
11	67
11	68
11	69
11	70
11	71
11	72
11	73
11	74
11	75
11	76
12	59
12	60
12	61
12	62
12	63
12	64
12	65
12	66
12	67
12	68
12	69
12	70
12	71
12	72
12	73
12	74
12	75
13	61
13	62
13	63
13	64
13	65
13	66
13	67
13	68
13	69
13	70
13	71
13	72
13	73
13	74
13	75
14	61
14	62
14	63
14	64
14	65
14	66
14	67
14	68
14	69
14	70
14	71
14	72
14	73
14	74
15	61
15	62
15	63
15	64
15	65
15	66
15	67
15	68
15	69
15	70
15	71
15	72
15	73
16	61
16	62
16	63
16	64
16	65
16	66
16	67
16	68
16	69
16	70
16	71
17	62
17	63
17	64
17	65
17	66
17	67
17	68
17	69
17	70
18	61
18	62
18	63
18	64
18	65
18	66
18	67
18	68
19	61
19	62
19	63
19	64
19	65
19	66
20	62
20	63
20	64
20	65
20	66
21	62
21	63
21	64
21	65
22	62
22	63
22	64
22	65
23	62
23	63
23	64
23	65
24	64
XXX
Quebec 22
29	54
21	51
21	52
21	53
21	54
22	51
22	52
22	53
22	54
22	55
23	50
23	51
23	52
23	53
23	54
23	55
24	50
24	51
24	52
24	53
24	54
24	55
24	57
24	58
25	50
25	51
25	52
25	53
25	54
25	55
25	56
25	57
25	58
25	59
26	50
26	51
26	52
26	53
26	54
26	55
26	56
26	57
26	58
26	59
27	49
27	50
27	51
27	52
27	53
27	54
27	55
27	56
27	57
27	58
27	59
28	48
28	49
28	50
28	51
28	52
28	53
28	54
28	55
28	56
28	57
28	58
28	59
28	60
28	61
29	48
29	49
29	50
29	51
29	52
29	53
29	54
29	55
29	56
29	57
29	58
29	59
29	60
29	61
30	48
30	49
30	50
30	51
30	52
30	53
30	54
30	55
30	56
30	57
30	58
30	59
30	60
30	61
30	62
31	48
31	49
31	50
31	51
31	52
31	53
31	54
31	55
31	56
31	57
31	58
31	59
31	60
31	61
32	48
32	49
32	50
32	51
32	52
32	53
32	54
32	55
32	56
32	57
32	58
32	59
32	60
33	48
33	49
33	50
33	51
33	52
33	53
33	54
33	55
33	56
33	57
33	58
34	48
34	49
34	50
34	51
34	52
34	53
34	54
34	55
34	56
35	48
35	49
35	50
35	51
35	52
35	53
35	54
35	55
35	56
36	48
36	49
36	50
36	51
36	52
36	56
37	50
37	51
37	56
37	57
37	58
38	56
38	57
39	56
40	56
XXX
WESTERN UNITED STATES 23
40	28
34	22
34	23
34	24
34	25
34	26
34	27
34	28
34	29
34	30
34	31
34	32
34	33
34	34
34	35
34	36
34	37
35	22
35	23
35	24
35	25
35	26
35	27
35	28
35	29
35	30
35	31
35	32
35	33
35	34
35	35
35	36
35	37
36	21
36	22
36	23
36	24
36	25
36	26
36	27
36	28
36	29
36	30
36	31
36	32
36	33
36	34
36	35
36	36
36	37
37	21
37	22
37	23
37	24
37	25
37	26
37	27
37	28
37	29
37	30
37	31
37	32
37	33
37	34
37	35
37	36
37	37
38	21
38	22
38	23
38	24
38	25
38	26
38	27
38	28
38	29
38	30
38	31
38	32
38	33
38	34
38	35
38	36
38	37
39	21
39	22
39	23
39	24
39	25
39	26
39	27
39	28
39	29
39	30
39	31
39	32
39	33
39	34
39	35
39	36
39	37
40	21
40	22
40	23
40	24
40	25
40	26
40	27
40	28
40	29
40	30
40	31
40	32
40	33
40	34
40	35
40	36
40	37
41	21
41	22
41	23
41	24
41	25
41	26
41	27
41	28
41	29
41	30
41	31
41	32
41	33
41	34
41	35
41	36
41	37
42	20
42	21
42	22
42	23
42	24
42	25
42	26
42	27
42	28
42	29
42	30
42	31
42	32
42	33
42	34
42	35
42	36
42	37
43	20
43	21
43	22
43	23
43	24
43	25
43	26
43	27
43	28
43	29
43	30
43	31
43	32
43	33
43	34
44	20
44	21
44	22
44	23
44	24
44	25
44	26
44	27
44	28
44	29
44	30
44	31
44	32
44	33
45	21
45	22
45	23
45	24
45	25
45	26
45	27
45	28
45	29
45	30
45	31
45	32
46	22
46	23
46	24
46	25
46	26
46	27
46	28
46	29
46	30
46	31
46	32
47	23
47	24
47	25
47	26
47	27
47	28
47	29
47	30
47	31
48	25
48	26
48	27
48	28
48	29
48	30
48	31
49	29
49	30
50	30
XXX
ALBERTA 24
27	27
22	19
22	20
22	21
22	22
22	23
22	24
22	25
22	26
22	27
22	28
22	29
22	30
22	31
22	32
22	33
22	34
22	35
23	20
23	21
23	22
23	23
23	24
23	25
23	26
23	27
23	28
23	29
23	30
23	31
23	32
23	33
23	34
23	35
24	20
24	21
24	22
24	23
24	24
24	25
24	26
24	27
24	28
24	29
24	30
24	31
24	32
24	33
24	34
24	35
25	20
25	21
25	22
25	23
25	24
25	25
25	26
25	27
25	28
25	29
25	30
25	31
25	32
25	33
25	34
25	35
26	21
26	22
26	23
26	24
26	25
26	26
26	27
26	28
26	29
26	30
26	31
26	32
26	33
26	34
27	21
27	22
27	23
27	24
27	25
27	26
27	27
27	28
27	29
27	30
27	31
27	32
27	33
27	34
28	20
28	21
28	22
28	23
28	24
28	25
28	26
28	27
28	28
28	29
28	30
28	31
28	32
28	33
28	34
29	19
29	20
29	21
29	22
29	23
29	24
29	25
29	26
29	27
29	28
29	29
29	30
29	31
29	32
29	33
29	34
30	20
30	21
30	22
30	23
30	24
30	25
30	26
30	27
30	28
30	29
30	30
30	31
30	32
30	33
31	21
31	22
31	23
31	24
31	25
31	26
31	27
31	28
31	29
31	30
31	31
31	32
31	33
32	21
32	22
32	23
32	24
32	25
32	26
32	27
32	28
32	29
32	30
32	31
32	32
32	33
XXX
ONTARIO 25
29	40
22	37
22	38
22	39
22	40
23	37
23	38
23	39
23	40
24	37
24	38
24	39
24	40
25	37
25	38
25	39
25	40
26	36
26	37
26	38
26	39
26	40
26	41
27	36
27	37
27	38
27	39
27	40
27	41
27	42
27	43
28	36
28	37
28	38
28	39
28	40
28	41
28	42
28	43
28	44
28	45
28	46
29	36
29	37
29	38
29	39
29	40
29	41
29	42
29	43
29	44
29	45
29	46
30	35
30	36
30	37
30	38
30	39
30	40
30	41
30	42
30	43
30	44
30	45
30	46
31	35
31	36
31	37
31	38
31	39
31	40
31	41
31	42
31	43
31	44
31	45
31	46
32	35
32	36
32	37
32	38
32	39
32	40
32	41
32	42
32	43
32	44
32	45
32	46
33	41
33	42
33	44
33	45
33	46
34	45
34	46
35	45
35	46
36	46
XXX
NORTH WEST TERRITORY 26
17	30
8	44
8	45
9	44
10	43
10	44
11	43
11	44
12	26
12	27
12	43
12	44
13	18
13	19
13	24
13	25
13	26
13	27
13	28
13	29
13	40
13	43
13	44
13	48
14	18
14	19
14	20
14	21
14	22
14	23
14	24
14	25
14	26
14	27
14	28
14	29
14	30
14	31
14	36
14	37
14	38
14	39
14	40
14	41
14	42
14	43
14	44
14	45
14	46
14	47
14	48
15	18
15	19
15	20
15	21
15	22
15	23
15	24
15	25
15	26
15	27
15	28
15	29
15	30
15	31
15	32
15	34
15	35
15	36
15	37
15	38
15	39
15	40
15	41
15	42
15	43
15	44
15	45
15	46
15	47
15	48
16	17
16	18
16	19
16	20
16	21
16	22
16	23
16	24
16	25
16	26
16	27
16	28
16	29
16	30
16	31
16	32
16	33
16	34
16	35
16	36
16	37
16	38
16	39
16	40
16	41
16	42
16	43
16	44
16	45
16	46
16	47
17	17
17	18
17	19
17	20
17	21
17	22
17	23
17	24
17	25
17	26
17	27
17	28
17	29
17	30
17	31
17	32
17	33
17	34
17	35
17	36
17	37
17	38
17	39
17	40
17	41
17	42
17	43
17	44
17	45
18	17
18	18
18	19
18	20
18	21
18	22
18	23
18	24
18	25
18	26
18	27
18	28
18	29
18	30
18	31
18	32
18	33
18	34
18	35
18	36
18	37
18	38
18	39
18	40
18	41
18	42
18	43
18	44
19	17
19	18
19	19
19	20
19	21
19	22
19	23
19	24
19	25
19	26
19	27
19	28
19	29
19	30
19	31
19	32
19	33
19	34
19	35
19	36
19	37
19	38
19	39
19	40
19	41
19	42
19	43
20	17
20	18
20	19
20	20
20	21
20	22
20	23
20	24
20	25
20	26
20	27
20	28
20	29
20	30
20	31
20	32
20	33
20	34
20	35
20	36
20	37
20	38
20	39
20	40
20	41
XXX
EASTERN UNITED STATES 27
44	42
34	39
34	43
35	39
35	40
35	41
35	42
35	43
36	39
36	40
36	41
36	42
36	43
37	39
37	40
37	41
37	42
37	43
37	44
37	54
38	39
38	40
38	41
38	42
38	43
38	44
38	45
38	46
38	47
38	48
38	49
38	53
38	54
39	39
39	40
39	41
39	42
39	43
39	44
39	45
39	46
39	47
39	48
39	49
39	50
39	51
39	52
39	53
40	39
40	40
40	41
40	42
40	43
40	44
40	45
40	46
40	47
40	48
40	49
40	50
40	51
40	52
40	53
41	39
41	40
41	41
41	42
41	43
41	44
41	45
41	46
41	47
41	48
41	49
41	50
41	51
41	52
42	39
42	40
42	41
42	42
42	43
42	44
42	45
42	46
42	47
42	48
42	49
42	50
42	51
42	52
43	39
43	40
43	41
43	42
43	43
43	44
43	45
43	46
43	47
43	48
43	49
43	50
43	51
44	35
44	36
44	37
44	38
44	39
44	40
44	41
44	42
44	43
44	44
44	45
44	46
44	47
44	48
44	49
44	50
45	35
45	36
45	37
45	38
45	39
45	40
45	41
45	42
45	43
45	44
45	45
45	46
45	47
45	48
45	49
45	50
46	34
46	35
46	36
46	37
46	38
46	39
46	40
46	41
46	42
46	43
46	44
46	45
46	46
46	47
46	48
46	49
46	50
47	33
47	34
47	35
47	36
47	37
47	38
47	39
47	40
47	41
47	42
47	43
47	44
47	45
47	46
47	47
47	48
47	49
48	33
48	34
48	35
48	36
48	37
48	38
48	39
48	40
48	41
48	42
48	43
48	44
48	45
48	46
48	47
48	48
49	32
49	33
49	34
49	35
49	36
49	37
49	38
49	39
49	40
49	41
49	42
49	43
49	44
49	45
49	46
49	47
50	32
50	33
50	34
50	35
50	36
50	37
50	38
50	39
50	40
50	41
50	42
50	43
50	44
50	45
50	46
51	32
51	33
51	34
51	35
51	45
51	46
52	33
52	45
52	46
53	45
53	46
54	45
XXX
CENTRAL AMERICA 28
57	30
48	22
49	22
49	23
49	24
50	22
50	23
50	24
50	25
50	26
50	27
51	22
51	23
51	25
51	26
51	27
51	28
52	23
52	26
52	27
52	28
52	29
52	30
53	23
53	24
53	27
53	28
53	29
53	30
53	31
54	24
54	28
54	29
54	30
54	31
54	32
55	25
55	28
55	29
55	30
55	31
56	25
56	28
56	29
56	30
56	31
56	36
56	37
57	28
57	29
57	30
57	31
57	32
57	35
57	36
57	37
58	28
58	29
58	30
58	31
58	32
58	33
58	34
58	35
58	36
59	30
59	31
59	32
59	33
59	34
59	35
60	32
60	33
60	34
60	35
60	36
61	32
61	33
61	34
61	35
61	36
61	37
62	32
62	33
62	34
62	35
62	36
63	33
63	34
63	35
64	33
64	34
64	35
65	34
65	35
65	36
66	34
66	35
XXX
ALASKA 29
17	11
11	9
11	10
11	11
12	8
12	9
12	10
12	11
12	12
12	13
13	5
13	6
13	7
13	8
13	9
13	10
13	11
13	12
13	13
13	14
13	15
13	16
14	6
14	7
14	8
14	9
14	10
14	11
14	12
14	13
14	14
14	15
14	16
15	4
15	7
15	8
15	9
15	10
15	11
15	12
15	13
15	14
15	15
16	3
16	4
16	5
16	6
16	7
16	8
16	9
16	10
16	11
16	12
16	13
16	14
16	15
17	7
17	8
17	9
17	10
17	11
17	12
17	13
17	14
17	15
18	4
18	5
18	6
18	7
18	8
18	9
18	10
18	11
18	12
18	13
18	14
18	15
19	3
19	4
19	5
19	6
19	7
19	8
19	9
19	10
19	11
19	12
19	13
19	14
19	15
20	3
20	4
20	5
20	6
20	7
20	8
20	9
20	10
20	11
20	12
20	13
20	14
20	15
21	3
21	4
21	5
21	6
21	7
21	8
21	9
21	10
21	11
21	12
21	13
21	14
21	15
22	4
22	5
22	6
22	7
22	8
22	9
22	10
22	11
22	13
22	14
22	15
22	16
22	17
23	5
23	6
23	7
23	8
23	9
23	16
23	17
24	6
24	7
24	16
24	17
24	18
25	6
25	18
26	5
26	18
26	19
27	19
XXX
Middle East 30
63	121
53	112
53	113
53	114
53	123
53	129
53	130
54	107
54	108
54	109
54	110
54	111
54	112
54	113
54	114
54	115
54	116
54	117
54	118
54	119
54	120
54	121
54	122
54	123
54	124
54	125
54	126
54	127
54	128
54	129
54	130
54	131
55	106
55	107
55	108
55	109
55	110
55	111
55	112
55	113
55	114
55	115
55	116
55	117
55	118
55	119
55	120
55	121
55	122
55	123
55	124
55	125
55	126
55	127
55	128
55	129
55	130
55	131
55	132
56	106
56	107
56	108
56	109
56	110
56	111
56	112
56	113
56	114
56	115
56	116
56	117
56	118
56	119
56	120
56	121
56	122
56	123
56	124
56	125
56	126
56	127
56	128
56	129
56	130
56	131
56	132
57	106
57	107
57	108
57	109
57	110
57	111
57	112
57	113
57	114
57	115
57	116
57	117
57	118
57	119
57	120
57	121
57	122
57	123
57	124
57	125
57	126
57	127
57	128
57	129
57	130
57	131
57	132
58	107
58	108
58	109
58	110
58	111
58	112
58	113
58	114
58	115
58	116
58	117
58	118
58	119
58	120
58	121
58	122
58	123
58	124
58	125
58	126
58	127
58	128
58	129
58	130
58	131
58	132
59	108
59	109
59	110
59	111
59	112
59	113
59	115
59	116
59	117
59	118
59	119
59	120
59	121
59	122
59	123
59	124
59	125
59	126
59	127
59	128
59	129
59	130
59	131
59	132
59	133
60	115
60	116
60	117
60	118
60	119
60	120
60	121
60	122
60	123
60	124
60	125
60	126
60	127
60	128
60	129
60	130
60	131
60	132
60	133
61	115
61	116
61	117
61	118
61	119
61	120
61	121
61	122
61	123
61	124
61	125
61	126
61	127
61	128
61	129
61	130
61	131
61	132
61	133
61	134
62	115
62	116
62	117
62	118
62	119
62	120
62	121
62	122
62	123
62	124
62	125
62	126
62	128
62	129
62	130
62	131
62	132
62	133
62	134
63	115
63	116
63	117
63	118
63	119
63	120
63	121
63	122
63	123
63	124
63	125
63	129
63	130
63	131
63	132
63	133
63	134
64	115
64	116
64	117
64	118
64	119
64	120
64	121
64	122
64	123
64	124
64	125
64	129
64	130
64	131
64	132
64	133
64	134
65	114
65	115
65	116
65	117
65	118
65	119
65	120
65	121
65	122
65	123
65	124
65	125
65	129
65	130
65	131
65	132
65	133
66	114
66	115
66	116
66	117
66	118
66	119
66	120
66	121
66	122
66	123
66	124
66	125
66	126
67	115
67	116
67	117
67	118
67	119
67	120
67	121
67	122
67	123
67	124
67	125
67	126
67	127
68	115
68	116
68	117
68	118
68	119
68	120
68	121
68	122
68	123
68	124
68	125
68	126
68	127
68	128
68	129
68	130
68	131
69	116
69	117
69	118
69	119
69	120
69	121
69	122
69	123
69	124
69	125
69	126
69	127
69	128
69	129
69	130
69	131
69	132
70	117
70	118
70	119
70	120
70	121
70	122
70	123
70	124
70	125
70	126
70	127
70	128
70	129
70	130
70	131
70	132
70	133
71	118
71	119
71	120
71	121
71	122
71	123
71	124
71	125
71	126
71	127
71	128
71	129
71	130
71	131
71	132
71	133
72	118
72	119
72	120
72	121
72	122
72	123
72	124
72	125
72	126
72	127
72	128
72	129
72	130
72	131
72	132
72	133
73	119
73	120
73	121
73	122
73	123
73	124
73	125
73	126
73	127
73	128
73	129
73	130
73	131
73	132
74	120
74	121
74	122
74	123
74	124
74	125
74	126
74	127
74	128
74	129
74	130
74	131
74	132
75	121
75	122
75	123
75	124
75	125
75	126
75	127
75	128
75	129
75	130
75	131
76	122
76	123
76	124
76	125
76	126
76	127
76	128
76	129
76	130
77	122
77	123
77	124
77	125
77	126
77	127
77	128
78	123
78	124
78	125
78	126
XXX
india 31
64	145
52	138
52	142
52	143
53	136
53	137
53	138
53	139
53	140
53	141
53	142
53	143
53	144
54	135
54	136
54	137
54	138
54	139
54	140
54	141
54	142
54	143
54	144
55	134
55	135
55	136
55	137
55	138
55	139
55	140
55	141
55	142
55	143
56	134
56	135
56	136
56	137
56	138
56	139
56	140
56	141
56	142
56	143
57	134
57	135
57	136
57	137
57	138
57	139
57	140
57	141
57	142
57	143
57	144
57	145
58	135
58	136
58	137
58	138
58	139
58	140
58	141
58	142
58	143
58	144
58	145
58	146
58	147
59	135
59	136
59	137
59	138
59	139
59	140
59	141
59	142
59	143
59	144
59	145
59	146
59	147
59	148
59	149
59	150
60	136
60	137
60	138
60	139
60	140
60	141
60	142
60	143
60	144
60	145
60	146
60	147
60	148
60	149
60	150
60	151
60	152
60	153
60	154
61	136
61	137
61	138
61	139
61	140
61	141
61	142
61	143
61	144
61	145
61	146
61	147
61	148
61	149
61	150
61	151
61	152
61	153
61	154
61	155
62	136
62	137
62	138
62	139
62	140
62	141
62	142
62	143
62	144
62	145
62	146
62	147
62	148
62	149
62	150
62	151
62	152
62	153
62	154
63	136
63	137
63	138
63	139
63	140
63	141
63	142
63	143
63	144
63	145
63	146
63	147
63	148
63	149
63	150
63	151
63	152
63	153
63	154
64	138
64	139
64	140
64	141
64	142
64	143
64	144
64	145
64	146
64	147
64	148
64	149
64	150
64	151
64	152
64	153
65	139
65	140
65	141
65	142
65	143
65	144
65	145
65	146
65	147
65	148
65	149
65	150
65	151
65	152
66	140
66	141
66	142
66	143
66	144
66	145
66	146
66	147
66	148
66	149
66	150
66	151
66	152
67	140
67	141
67	142
67	143
67	144
67	145
67	146
67	147
67	148
67	149
67	150
68	142
68	143
68	144
68	145
68	146
68	147
68	148
68	149
68	150
69	142
69	143
69	144
69	145
69	146
69	147
69	148
69	149
70	142
70	143
70	144
70	145
70	146
70	147
70	148
70	149
71	142
71	143
71	144
71	145
71	146
71	147
71	148
72	142
72	143
72	144
72	145
72	146
72	147
72	148
73	143
73	144
73	145
73	146
73	147
73	148
74	143
74	144
74	145
74	146
74	147
74	148
75	144
75	145
75	146
75	147
76	144
76	145
76	146
76	147
77	145
77	146
77	147
78	145
78	146
78	147
79	146
79	147
80	146
XXX
China 32
52	157
38	146
38	147
39	145
39	146
39	147
39	148
39	149
40	145
40	146
40	147
40	148
40	149
41	144
41	145
41	146
41	147
41	148
41	149
41	150
42	144
42	145
42	146
42	147
42	148
42	149
42	150
42	151
42	152
43	144
43	145
43	146
43	147
43	148
43	149
43	150
43	151
43	152
44	144
44	145
44	146
44	147
44	148
44	149
44	150
44	151
44	152
44	153
45	144
45	145
45	146
45	147
45	148
45	149
45	150
45	151
45	152
45	153
45	154
46	143
46	144
46	145
46	146
46	147
46	148
46	149
46	150
46	151
46	152
46	153
46	154
46	155
46	156
47	142
47	143
47	144
47	145
47	146
47	147
47	148
47	149
47	150
47	151
47	152
47	153
47	154
47	155
47	156
47	157
48	141
48	142
48	143
48	144
48	145
48	146
48	147
48	148
48	149
48	150
48	151
48	152
48	153
48	154
48	155
48	156
48	157
48	158
48	159
48	160
48	161
48	162
48	163
48	164
48	165
49	141
49	142
49	143
49	144
49	145
49	146
49	147
49	148
49	149
49	150
49	151
49	152
49	153
49	154
49	155
49	156
49	157
49	158
49	159
49	160
49	161
49	162
49	163
49	164
49	165
49	166
49	167
49	168
49	169
50	142
50	143
50	144
50	145
50	146
50	147
50	148
50	149
50	150
50	151
50	152
50	153
50	154
50	155
50	156
50	157
50	158
50	159
50	160
50	161
50	162
50	163
50	164
50	165
50	166
50	167
50	168
50	169
50	170
50	171
51	145
51	146
51	147
51	148
51	149
51	150
51	151
51	152
51	153
51	154
51	155
51	156
51	157
51	158
51	159
51	160
51	161
51	162
51	163
51	164
51	165
51	166
51	167
51	168
51	169
51	170
51	171
51	172
52	146
52	147
52	148
52	149
52	150
52	151
52	152
52	153
52	154
52	155
52	156
52	157
52	158
52	159
52	160
52	161
52	162
52	163
52	164
52	165
52	166
52	167
52	168
52	169
52	170
52	171
52	172
53	146
53	147
53	148
53	149
53	150
53	151
53	152
53	153
53	154
53	155
53	156
53	157
53	158
53	159
53	160
53	161
53	162
53	163
53	164
53	165
53	166
53	167
53	168
53	169
53	170
53	171
53	172
54	146
54	147
54	148
54	149
54	150
54	151
54	152
54	153
54	154
54	155
54	156
54	157
54	158
54	159
54	160
54	161
54	162
54	163
54	164
54	165
54	166
54	167
54	168
54	169
54	170
54	171
54	172
55	146
55	147
55	148
55	149
55	150
55	151
55	152
55	153
55	154
55	155
55	156
55	157
55	158
55	159
55	160
55	161
55	162
55	163
55	164
55	165
55	166
55	167
55	168
55	169
55	170
55	171
55	172
56	147
56	148
56	149
56	150
56	151
56	152
56	153
56	154
56	155
56	156
56	157
56	158
56	159
56	160
56	161
56	162
56	163
56	164
56	165
56	166
56	167
56	168
56	169
56	170
56	171
56	172
57	149
57	150
57	151
57	152
57	153
57	154
57	155
57	156
57	157
57	158
57	159
57	160
57	161
57	162
57	163
57	164
57	165
57	166
57	167
57	168
57	169
57	170
57	171
57	172
58	152
58	153
58	154
58	155
58	156
58	157
58	158
58	159
58	160
58	161
58	162
58	163
58	164
58	165
58	166
58	167
58	168
58	169
58	170
58	171
58	172
59	156
59	157
59	158
59	159
59	160
59	161
59	162
59	163
59	164
59	165
59	166
59	167
59	168
59	169
59	170
59	171
59	172
60	159
60	160
60	161
60	162
60	163
60	164
60	165
60	166
60	167
60	168
60	169
60	170
60	171
61	160
61	161
61	162
61	165
61	166
61	167
61	168
61	169
61	170
62	161
62	165
62	166
62	167
62	168
62	169
63	167
63	168
XXX
siam 33
68	161
61	157
62	156
62	157
62	158
62	163
63	156
63	157
63	158
63	159
63	160
63	162
63	163
64	155
64	156
64	157
64	158
64	159
64	160
64	161
64	162
64	163
64	164
65	154
65	155
65	156
65	157
65	158
65	159
65	160
65	161
65	162
65	163
65	164
66	154
66	155
66	156
66	157
66	158
66	159
66	160
66	161
66	162
66	163
66	164
67	155
67	156
67	157
67	158
67	159
67	160
67	161
67	162
67	163
67	164
67	165
68	155
68	156
68	157
68	158
68	159
68	160
68	161
68	162
68	163
68	164
68	165
69	156
69	157
69	158
69	159
69	160
69	161
69	162
69	163
69	164
69	165
69	166
70	159
70	160
70	161
70	162
70	163
70	164
70	165
70	166
70	167
71	160
71	161
71	162
71	163
71	164
71	165
71	166
71	167
71	168
72	160
72	161
72	163
72	164
72	165
72	166
72	167
72	168
73	160
73	161
73	164
73	165
73	166
73	167
74	160
74	161
74	165
74	166
74	167
75	160
75	161
75	162
75	166
76	161
76	162
77	162
77	163
78	163
XXX
mongolia 34
40	163
32	165
32	166
32	167
33	165
33	166
33	167
33	168
34	165
34	166
34	167
34	168
34	169
35	164
35	165
35	166
35	167
35	168
35	169
36	153
36	154
36	156
36	162
36	163
36	164
36	165
36	166
36	167
36	168
36	169
36	170
37	153
37	154
37	155
37	156
37	157
37	158
37	159
37	160
37	161
37	162
37	163
37	164
37	165
37	166
37	167
37	168
37	169
37	170
38	153
38	154
38	155
38	156
38	157
38	158
38	159
38	160
38	161
38	162
38	163
38	164
38	165
38	166
38	167
38	168
38	169
38	170
38	171
38	172
39	153
39	154
39	155
39	156
39	157
39	158
39	159
39	160
39	161
39	162
39	163
39	164
39	165
39	166
39	167
39	168
39	169
39	170
39	171
39	172
40	153
40	154
40	155
40	156
40	157
40	158
40	159
40	160
40	161
40	162
40	163
40	164
40	165
40	166
40	167
40	168
40	169
40	170
40	171
40	172
40	173
41	154
41	155
41	156
41	157
41	158
41	159
41	160
41	161
41	162
41	163
41	164
41	165
41	166
41	167
41	168
41	169
41	170
41	171
41	172
41	173
42	154
42	155
42	156
42	157
42	158
42	159
42	160
42	161
42	162
42	163
42	164
42	165
42	166
42	167
42	168
42	169
42	170
42	171
42	172
43	154
43	155
43	156
43	157
43	158
43	159
43	160
43	161
43	162
43	163
43	164
43	165
43	166
43	167
43	168
43	169
43	170
43	171
43	172
44	155
44	156
44	157
44	158
44	159
44	160
44	161
44	162
44	163
44	164
44	165
44	166
44	167
44	168
44	171
44	172
44	173
45	158
45	159
45	160
45	161
45	162
45	163
45	164
45	165
45	166
45	167
45	168
45	173
45	174
46	159
46	160
46	161
46	162
46	163
46	164
46	165
46	166
46	167
46	168
46	174
46	175
47	167
47	168
47	169
47	170
47	175
XXX
japan 35
42	184
31	182
31	183
32	182
32	183
32	184
32	185
32	186
32	187
33	183
33	184
33	185
33	186
34	182
34	183
34	184
34	185
35	182
35	183
35	184
36	183
36	184
37	183
37	184
37	185
38	182
38	183
38	184
38	185
38	186
39	183
39	184
39	185
39	186
40	183
40	184
40	185
40	186
41	183
41	184
41	185
41	186
42	182
42	183
42	184
42	185
42	186
42	187
43	181
43	182
43	183
43	184
43	185
43	186
43	187
44	180
44	181
44	182
44	183
44	184
44	185
44	186
45	179
45	180
45	181
45	182
45	183
45	184
46	178
46	179
46	180
46	181
46	182
46	183
47	177
47	178
47	179
47	180
47	181
47	182
48	177
48	178
48	179
48	180
49	177
49	178
49	179
50	178
50	179
51	178
XXX
Afghanistan 36
43	133
40	122
38	122
36	124
35	127
35	128
35	129
35	130
34	131
42	123
43	125
42	125
43	126
34	132
35	131
35	132
35	133
36	125
36	126
36	127
36	128
36	129
36	130
36	131
36	132
36	133
36	134
37	123
37	124
37	125
37	126
37	127
37	128
37	129
37	130
37	131
37	132
37	133
37	134
37	135
38	123
38	124
38	125
38	126
38	127
38	128
38	129
38	130
38	131
38	132
38	133
38	134
38	135
38	136
39	122
39	123
39	124
39	125
39	126
39	127
39	128
39	129
39	130
39	131
39	132
39	133
39	134
39	135
39	136
39	137
40	123
40	124
40	125
40	126
40	127
40	128
40	129
40	130
40	131
40	132
40	133
40	134
40	135
40	136
40	137
40	138
40	139
40	140
40	141
40	142
41	123
41	124
41	125
41	126
41	127
41	128
41	129
41	130
41	131
41	132
41	133
41	134
41	135
41	136
41	137
41	138
41	139
41	140
41	141
41	142
42	124
42	126
42	127
42	128
42	129
42	130
42	131
42	132
42	133
42	134
42	135
42	136
42	137
42	138
42	139
42	140
42	141
42	142
43	127
43	128
43	129
43	130
43	131
43	132
43	133
43	134
43	135
43	136
43	137
43	138
43	139
43	140
43	141
43	142
44	126
44	127
44	128
44	129
44	130
44	131
44	132
44	133
44	134
44	135
44	136
44	137
44	138
44	139
44	140
44	141
44	142
45	126
45	127
45	128
45	129
45	130
45	131
45	132
45	133
45	134
45	135
45	136
45	137
45	138
45	139
45	140
45	141
46	126
46	127
46	128
46	129
46	130
46	131
46	132
46	133
46	134
46	135
46	136
46	137
46	138
46	139
46	140
47	127
47	128
47	129
47	130
47	131
47	132
47	133
47	134
47	135
47	136
47	137
47	138
47	139
48	127
48	128
48	129
48	130
48	131
48	132
48	133
48	134
48	135
48	136
48	137
48	138
48	139
49	127
49	128
49	129
49	130
49	131
49	132
49	133
49	134
49	135
49	136
49	137
49	138
49	139
50	127
50	128
50	129
50	130
50	131
50	132
50	133
50	134
50	135
50	136
50	137
50	138
50	139
50	140
51	129
51	130
51	131
51	132
51	133
51	134
51	135
51	136
51	139
51	140
52	132
52	133
52	134
53	133
XXX
ural 37
26	137
32	132
31	132
29	132
28	131
25	131
24	131
21	131
18	131
17	132
16	132
15	132
14	132
14	131
13	131
13	134
14	135
15	135
16	135
16	134
17	134
17	135
9	132
10	131
10	132
10	133
11	131
11	132
11	133
12	131
12	132
12	133
13	132
13	133
14	133
14	134
15	133
15	134
15	136
16	133
16	136
16	137
17	133
17	136
17	137
18	132
18	133
18	134
18	135
18	136
18	137
18	138
19	131
19	132
19	133
19	134
19	135
19	136
19	137
19	138
20	131
20	132
20	133
20	134
20	135
20	136
20	137
20	138
20	139
21	132
21	133
21	134
21	135
21	136
21	137
21	138
21	139
22	132
22	133
22	134
22	135
22	136
22	137
22	138
22	139
22	140
23	132
23	133
23	134
23	135
23	136
23	137
23	138
23	139
23	140
23	141
24	132
24	133
24	134
24	135
24	136
24	137
24	138
24	139
24	140
24	141
24	142
25	132
25	133
25	134
25	135
25	136
25	137
25	138
25	139
25	140
25	141
26	132
26	133
26	134
26	135
26	136
26	137
26	138
26	139
26	140
26	141
27	132
27	133
27	134
27	135
27	136
27	137
27	138
27	139
27	140
27	141
27	142
28	132
28	133
28	134
28	135
28	136
28	137
28	138
28	139
28	140
28	141
28	142
29	133
29	134
29	135
29	136
29	137
29	138
29	139
29	140
29	141
29	142
30	133
30	134
30	135
30	136
30	137
30	138
30	139
30	140
30	141
31	133
31	134
31	135
31	136
31	137
31	138
31	139
31	140
31	141
32	133
32	134
32	135
32	136
32	137
32	138
32	139
32	140
32	141
32	142
32	143
33	134
33	135
33	136
33	137
33	138
33	139
33	140
33	141
33	142
33	143
34	135
34	136
34	137
34	138
34	139
34	140
34	141
34	142
34	143
34	144
35	136
35	137
35	138
35	139
35	140
35	141
35	142
35	143
35	144
35	145
36	137
36	138
36	139
36	140
36	141
36	142
36	143
36	144
36	145
36	146
37	138
37	139
37	140
37	141
37	142
37	143
37	144
38	139
38	140
38	141
38	142
38	143
38	144
39	143
XXX
siberia 38
18	148
14	138
14	137
13	137
13	136
12	135
11	135
10	136
10	137
11	137
3	146
3	149
4	143
4	144
4	145
4	146
4	147
4	148
4	149
4	150
4	151
5	142
5	143
5	144
5	145
5	146
5	147
5	148
5	149
5	150
5	151
6	141
6	142
6	143
6	144
6	145
6	146
6	147
6	148
6	149
6	150
6	151
7	139
7	140
7	141
7	142
7	143
7	144
7	145
7	146
7	147
7	148
7	149
7	150
7	151
7	152
7	153
7	154
7	155
7	156
8	139
8	140
8	141
8	142
8	143
8	144
8	145
8	146
8	147
8	148
8	149
8	150
8	151
8	152
8	153
8	154
8	155
8	156
9	137
9	138
9	139
9	140
9	141
9	142
9	143
9	144
9	145
9	146
9	147
9	148
9	149
9	150
9	151
9	152
9	153
9	154
9	155
9	156
9	157
10	135
10	138
10	139
10	140
10	141
10	142
10	143
10	144
10	145
10	146
10	147
10	148
10	149
10	150
10	151
10	152
10	153
10	154
10	155
10	156
10	157
11	136
11	138
11	139
11	140
11	141
11	142
11	143
11	144
11	145
11	146
11	147
11	148
11	149
11	150
11	151
11	152
11	153
11	154
11	155
11	156
11	157
12	136
12	137
12	138
12	139
12	140
12	141
12	142
12	143
12	144
12	145
12	146
12	147
12	148
12	149
12	150
12	151
12	152
12	153
12	154
12	155
12	156
12	157
13	138
13	139
13	140
13	141
13	142
13	143
13	144
13	145
13	146
13	147
13	148
13	149
13	150
13	151
13	152
13	153
13	154
14	139
14	140
14	141
14	142
14	143
14	144
14	145
14	146
14	147
14	148
14	149
14	150
14	151
14	152
14	153
15	139
15	140
15	141
15	142
15	143
15	144
15	145
15	146
15	147
15	148
15	149
15	150
15	151
15	152
15	153
16	139
16	140
16	141
16	142
16	143
16	144
16	145
16	146
16	147
16	148
16	149
16	150
16	151
16	152
16	153
16	154
17	140
17	141
17	142
17	143
17	144
17	145
17	146
17	147
17	148
17	149
17	150
17	151
17	152
17	153
17	154
17	155
18	140
18	141
18	142
18	143
18	144
18	145
18	146
18	147
18	148
18	149
18	150
18	151
18	152
18	153
18	154
18	155
19	141
19	142
19	143
19	144
19	145
19	146
19	147
19	148
19	149
19	150
19	151
19	152
19	153
19	154
19	155
20	141
20	142
20	143
20	144
20	145
20	146
20	147
20	148
20	149
20	150
20	151
20	152
20	153
20	154
20	155
21	142
21	143
21	144
21	145
21	146
21	147
21	148
21	149
21	150
21	151
21	152
21	153
21	154
21	155
21	156
22	143
22	144
22	145
22	146
22	147
22	148
22	149
22	150
22	151
22	152
22	153
22	154
22	155
22	156
23	144
23	145
23	146
23	147
23	148
23	149
23	150
23	151
23	152
23	153
23	154
23	155
23	156
24	144
24	145
24	146
24	147
24	148
24	149
24	150
24	151
24	152
24	153
24	154
24	155
25	143
25	144
25	145
25	146
25	147
25	148
25	149
25	150
25	151
25	152
25	153
25	154
25	155
26	144
26	145
26	146
26	147
26	148
26	149
26	150
26	151
26	152
26	153
26	154
26	155
27	144
27	145
27	146
27	147
27	148
27	149
27	150
27	151
27	152
27	155
28	144
28	145
28	146
28	147
28	148
28	149
28	150
28	151
29	144
29	145
29	146
29	147
29	148
29	149
29	150
30	143
30	144
30	145
30	146
30	147
30	148
30	149
30	150
31	144
31	145
31	146
31	147
31	148
31	149
31	150
32	145
32	146
32	147
32	148
32	149
32	150
33	146
33	147
33	148
33	149
34	147
34	148
34	149
35	148
35	149
35	150
35	151
36	148
36	149
36	150
36	151
37	148
37	149
37	150
37	151
38	151
39	151
40	151
XXX
Irkutsk 39
28	161
21	160
21	161
21	162
21	163
21	164
22	160
22	161
22	162
22	163
22	164
23	158
23	159
23	160
23	161
23	162
23	163
23	164
24	157
24	158
24	159
24	160
24	161
24	162
24	163
24	164
25	157
25	158
25	159
25	160
25	161
25	162
25	163
25	164
26	157
26	158
26	159
26	160
26	161
26	162
26	163
26	164
27	157
27	158
27	159
27	160
27	161
27	162
27	163
27	164
27	165
27	166
28	153
28	154
28	157
28	158
28	159
28	160
28	161
28	162
28	163
28	164
28	165
28	166
29	152
29	153
29	154
29	155
29	156
29	157
29	158
29	159
29	160
29	161
29	162
29	163
29	164
29	165
29	166
29	167
29	168
29	169
29	170
30	152
30	153
30	154
30	155
30	156
30	157
30	158
30	159
30	160
30	161
30	162
30	163
30	164
30	165
30	166
30	167
30	168
30	169
30	170
30	171
31	152
31	153
31	154
31	155
31	156
31	157
31	158
31	159
31	160
31	161
31	162
31	163
31	169
31	170
31	171
32	152
32	153
32	154
32	155
32	156
32	157
32	158
32	159
32	160
32	161
32	162
32	163
32	170
32	171
33	151
33	152
33	153
33	154
33	155
33	156
33	157
33	158
33	159
33	160
33	161
33	162
33	163
33	171
34	152
34	153
34	154
34	155
34	156
34	157
34	158
34	159
34	160
34	161
34	162
34	163
34	171
35	158
35	159
35	160
XXX
yakutsk 40
13	164
6	159
6	160
7	158
7	159
7	160
7	167
7	168
7	169
7	170
8	159
8	160
8	161
8	162
8	165
8	166
8	167
8	168
8	169
8	170
8	171
8	172
9	159
9	160
9	161
9	162
9	163
9	164
9	165
9	166
9	167
9	168
9	169
9	170
9	171
9	172
10	159
10	160
10	161
10	162
10	163
10	164
10	165
10	166
10	167
10	168
10	169
10	170
10	171
11	159
11	160
11	161
11	162
11	163
11	164
11	165
11	166
11	167
11	168
11	169
11	170
12	159
12	160
12	161
12	162
12	163
12	164
12	165
12	166
12	167
12	168
12	169
12	170
13	159
13	160
13	161
13	162
13	163
13	164
13	165
13	166
13	167
13	168
13	169
13	170
14	155
14	156
14	157
14	158
14	159
14	160
14	161
14	162
14	163
14	164
14	165
14	166
14	167
14	168
14	169
14	170
15	155
15	156
15	157
15	158
15	159
15	160
15	161
15	162
15	163
15	164
15	165
15	166
15	167
15	168
15	169
15	170
15	171
16	157
16	158
16	159
16	160
16	161
16	162
16	163
16	164
16	165
16	166
16	170
16	171
17	157
17	158
17	159
17	160
17	161
17	162
17	163
17	164
17	165
18	157
18	158
18	159
18	160
18	161
18	162
18	163
18	164
18	165
19	157
19	158
19	159
19	160
19	161
19	162
19	163
19	164
20	158
21	158
XXX
kamchatka 41
17	176
8	174
8	175
9	174
9	175
9	176
9	182
9	183
9	184
10	173
10	174
10	175
10	176
10	177
10	178
10	179
10	180
10	181
10	182
10	183
10	184
10	185
10	186
11	172
11	173
11	174
11	175
11	176
11	177
11	178
11	179
11	180
11	181
11	182
11	183
11	184
11	185
11	186
11	187
11	188
12	172
12	173
12	174
12	175
12	176
12	177
12	178
12	179
12	180
12	181
12	182
12	183
12	184
12	185
12	186
12	187
12	188
12	189
12	190
13	172
13	173
13	174
13	175
13	176
13	177
13	178
13	179
13	180
13	181
13	182
13	183
13	184
13	185
13	186
13	187
13	188
13	189
13	190
13	191
13	192
14	173
14	174
14	175
14	176
14	177
14	178
14	179
14	180
14	181
14	182
14	183
14	184
14	185
14	186
14	187
14	190
14	191
14	192
15	173
15	174
15	175
15	176
15	177
15	178
15	179
15	180
15	181
15	182
15	183
15	184
15	185
15	186
15	187
16	173
16	174
16	175
16	176
16	177
16	178
16	179
16	180
16	181
16	182
16	183
16	184
16	185
16	186
16	187
16	188
17	167
17	168
17	169
17	173
17	174
17	175
17	176
17	177
17	178
17	179
17	180
17	181
17	182
17	183
17	184
17	185
17	186
17	187
17	188
18	167
18	168
18	169
18	170
18	171
18	172
18	173
18	174
18	175
18	176
18	177
18	178
18	179
18	180
18	181
18	182
18	183
18	184
18	185
18	186
18	187
19	167
19	168
19	169
19	170
19	171
19	172
19	173
19	174
19	175
19	176
19	177
19	178
19	179
19	180
19	181
19	182
19	183
19	184
19	185
19	186
20	166
20	167
20	168
20	169
20	170
20	171
20	172
20	173
20	174
20	175
20	176
20	177
20	178
20	182
20	183
21	166
21	167
21	168
21	169
21	170
21	171
21	172
21	173
21	174
21	175
21	176
21	177
21	178
21	182
21	183
22	166
22	167
22	168
22	169
22	170
22	171
22	172
22	181
22	182
22	183
23	166
23	167
23	168
23	169
23	170
23	171
23	181
23	182
23	183
23	184
24	166
24	167
24	168
24	169
24	170
24	181
24	182
24	183
24	184
25	166
25	167
25	168
25	169
25	170
25	181
25	182
25	183
25	184
26	167
26	168
26	169
26	170
26	171
26	173
26	181
26	182
26	183
26	184
27	168
27	169
27	170
27	171
27	172
27	173
27	174
27	181
27	182
27	183
27	184
28	172
28	173
28	174
28	175
28	176
28	182
28	183
28	184
29	173
29	174
29	175
29	183
30	173
30	174
30	175
31	173
31	174
31	175
31	176
32	173
32	174
32	175
32	176
33	173
33	174
33	175
33	176
34	173
34	174
34	175
34	176
34	177
35	173
35	174
35	175
35	176
36	172
36	173
36	174
36	175
36	176
37	174
37	175
37	176
38	174
38	175
XXX
Australia Border
78	174
78	175
78	176
78	180
78	181
79	173
79	177
79	179
79	182
80	167
80	173
80	177
80	179
80	183
80	184
81	166
81	168
81	174
81	178
81	185
81	186
82	165
82	169
82	174
82	187
83	153
83	154
83	164
83	168
83	175
83	176
83	177
83	187
84	152
84	155
84	156
84	164
84	168
84	178
84	188
85	153
85	157
85	162
85	163
85	168
85	173
85	178
85	188
86	154
86	158
86	161
86	169
86	170
86	171
86	172
86	174
86	178
86	188
87	154
87	159
87	161
87	168
87	169
87	173
87	179
87	180
87	185
87	189
88	155
88	160
88	161
88	168
88	169
88	172
88	181
88	182
88	183
88	184
88	186
88	189
89	155
89	161
89	162
89	168
89	171
89	187
89	188
90	156
90	161
90	162
90	167
90	168
90	171
91	157
91	162
91	163
91	166
91	168
91	171
91	180
91	181
92	158
92	163
92	164
92	165
92	168
92	170
92	172
92	178
92	179
92	182
92	188
93	159
93	163
93	166
93	167
93	169
93	171
93	176
93	177
93	183
93	187
93	189
94	160
94	163
94	164
94	165
94	168
94	169
94	174
94	175
94	177
94	183
94	186
94	189
95	161
95	162
95	163
95	170
95	173
95	177
95	182
95	186
95	190
96	164
96	168
96	169
96	172
96	177
96	183
96	186
96	190
97	165
97	166
97	167
97	170
97	171
97	177
97	184
97	185
97	191
98	169
98	177
98	192
99	169
99	177
99	193
100	168
100	177
100	194
101	166
101	167
101	177
101	194
102	164
102	165
102	177
102	195
103	163
103	177
103	195
104	162
104	177
104	178
104	179
104	180
104	181
104	182
104	183
104	184
104	185
104	186
104	196
105	162
105	186
105	197
106	163
106	186
106	197
107	163
107	186
107	197
108	163
108	186
108	197
109	163
109	186
109	197
110	164
110	186
110	197
111	165
111	186
111	196
112	165
112	175
112	176
112	177
112	178
112	179
112	180
112	186
112	195
113	166
113	174
113	181
113	185
113	195
114	166
114	173
114	182
114	183
114	185
114	194
115	165
115	170
115	171
115	172
115	184
115	185
115	194
116	166
116	168
116	169
116	185
116	193
117	167
117	186
117	187
117	191
117	192
117	193
118	188
118	189
118	190
XXX
Africa Border
61	88
61	89
61	90
61	91
61	92
61	93
61	94
61	95
61	96
62	87
62	97
62	98
62	99
62	100
63	84
63	85
63	86
63	100
64	83
64	99
64	100
65	82
65	98
65	101
65	106
65	107
66	82
66	98
66	102
66	105
66	108
67	81
67	97
67	103
67	104
67	105
67	109
67	110
67	111
67	112
67	113
68	81
68	97
68	114
69	80
69	97
69	114
70	79
70	97
70	114
71	78
71	79
71	98
71	114
72	77
72	99
72	115
73	78
73	100
73	101
73	102
73	103
73	108
73	109
73	110
73	111
73	112
73	113
73	114
73	115
73	116
74	78
74	103
74	104
74	107
74	117
75	78
75	104
75	105
75	106
75	117
76	78
76	106
76	117
77	77
77	106
77	118
78	77
78	106
78	119
79	77
79	106
79	119
79	120
80	78
80	106
80	121
81	79
81	106
81	122
82	80
82	106
82	122
82	125
82	126
83	80
83	106
83	122
83	123
83	124
83	127
84	81
84	104
84	105
84	107
84	127
85	82
85	102
85	103
85	108
85	126
86	83
86	84
86	85
86	86
86	87
86	88
86	89
86	90
86	91
86	92
86	93
86	94
86	102
86	109
86	125
87	95
87	96
87	97
87	102
87	110
87	111
87	112
87	113
87	114
87	125
88	97
88	102
88	115
88	124
89	97
89	98
89	99
89	100
89	101
89	102
89	114
89	123
90	96
90	114
90	123
91	96
91	113
91	121
91	122
92	97
92	112
92	120
93	98
93	111
93	119
94	98
94	99
94	100
94	101
94	111
94	118
95	98
95	102
95	104
95	105
95	111
95	118
96	99
96	102
96	103
96	106
96	111
96	112
96	118
97	100
97	106
97	110
97	112
97	118
98	99
98	106
98	107
98	111
98	113
98	116
98	117
98	118
99	100
99	107
99	108
99	109
99	110
99	111
99	114
99	116
99	119
99	129
99	130
100	99
100	114
100	116
100	119
100	128
100	131
101	99
101	114
101	116
101	119
101	127
101	131
102	98
102	114
102	115
102	119
102	127
102	131
103	98
103	119
103	124
103	125
103	126
103	131
104	98
104	117
104	118
104	123
104	130
105	99
105	116
105	122
105	130
106	100
106	115
106	122
106	129
107	100
107	115
107	122
107	129
108	100
108	115
108	122
108	129
109	100
109	114
109	121
109	128
110	100
110	114
110	120
110	128
111	100
111	113
111	121
111	127
112	101
112	113
112	121
112	126
113	101
113	112
113	121
113	125
114	102
114	111
114	122
114	123
114	124
115	102
115	110
116	102
116	108
116	109
117	103
117	104
117	105
117	106
117	107
XXX
Europe Border
12	103
12	107
13	102
13	104
13	105
13	106
13	108
13	123
13	124
13	127
13	128
13	129
14	98
14	99
14	101
14	108
14	109
14	110
14	111
14	112
14	113
14	114
14	122
14	125
14	126
14	130
15	97
15	100
15	108
15	115
15	118
15	121
15	131
16	97
16	107
16	115
16	117
16	119
16	120
16	131
17	97
17	107
17	111
17	112
17	113
17	114
17	118
17	131
18	96
18	107
18	110
18	117
18	130
19	79
19	85
19	86
19	87
19	95
19	107
19	111
19	115
19	116
19	130
20	78
20	80
20	82
20	83
20	84
20	88
20	94
20	108
20	112
20	114
20	130
21	77
21	81
21	89
21	93
21	108
21	113
21	130
22	77
22	89
22	92
22	103
22	108
22	131
23	78
23	89
23	91
23	102
23	104
23	108
23	131
24	79
24	88
24	90
24	101
24	104
24	109
24	130
25	79
25	87
25	90
25	101
25	105
25	107
25	108
25	130
26	80
26	81
26	82
26	83
26	84
26	85
26	86
26	91
26	101
26	106
26	107
26	131
27	92
27	101
27	105
27	131
28	78
28	79
28	80
28	92
28	95
28	100
28	105
28	130
29	77
29	81
29	93
29	94
29	96
29	100
29	103
29	104
29	106
29	131
30	77
30	82
30	97
30	99
30	103
30	105
30	132
31	76
31	82
31	95
31	98
31	103
31	131
32	76
32	81
32	94
32	96
32	103
32	131
33	77
33	81
33	94
33	96
33	97
33	98
33	99
33	100
33	101
33	102
33	103
33	104
33	131
34	75
34	77
34	82
34	94
34	97
34	105
34	127
34	128
34	130
35	74
35	76
35	78
35	83
35	93
35	106
35	124
35	125
35	126
36	73
36	76
36	78
36	84
36	92
36	106
36	122
36	123
37	72
37	76
37	78
37	85
37	91
37	107
37	122
38	72
38	76
38	78
38	86
38	90
38	107
38	121
39	72
39	76
39	79
39	86
39	89
39	107
39	121
40	70
40	71
40	76
40	78
40	86
40	89
40	106
40	121
41	69
41	76
41	78
41	86
41	89
41	104
41	105
41	122
42	69
42	75
42	78
42	84
42	85
42	87
42	88
42	89
42	103
42	122
43	70
43	74
43	77
43	80
43	81
43	82
43	83
43	86
43	89
43	104
43	105
43	123
44	71
44	72
44	73
44	77
44	78
44	79
44	84
44	85
44	90
44	98
44	103
44	106
44	122
45	83
45	91
45	97
45	99
45	102
45	107
45	121
46	80
46	81
46	82
46	91
46	92
46	93
46	94
46	95
46	96
46	100
46	102
46	107
46	114
46	115
46	122
47	79
47	91
47	101
47	102
47	107
47	110
47	113
47	116
47	123
48	80
48	91
48	107
48	108
48	109
48	110
48	111
48	113
48	115
48	123
49	81
49	82
49	90
49	108
49	112
49	115
49	124
50	82
50	90
50	108
50	116
50	124
51	77
51	78
51	82
51	91
51	107
51	117
51	124
52	76
52	79
52	81
52	91
52	97
52	98
52	99
52	106
52	118
52	123
53	75
53	80
53	81
53	88
53	89
53	91
53	92
53	96
53	100
53	105
53	119
53	120
53	121
53	122
54	75
54	88
54	90
54	92
54	97
54	100
54	105
55	76
55	77
55	89
55	93
55	98
55	100
55	105
56	77
56	88
56	94
56	98
56	100
56	105
57	77
57	89
57	95
57	97
57	101
57	104
58	77
58	89
58	94
58	96
58	101
58	105
59	76
59	88
59	95
59	101
59	105
60	76
60	87
60	101
60	104
61	77
61	86
61	102
61	103
62	77
62	78
62	79
62	80
62	81
62	82
62	85
63	83
63	84
XXX
South America Border
62	42
63	40
63	41
63	43
63	44
64	39
64	45
64	46
64	47
64	48
64	49
64	50
65	38
65	51
65	52
66	37
66	53
67	36
67	54
67	55
68	36
68	56
68	57
69	36
69	48
69	50
69	51
69	58
69	59
70	35
70	48
70	49
70	51
70	56
70	57
70	58
70	60
71	35
71	36
71	44
71	45
71	46
71	47
71	48
71	52
71	53
71	54
71	55
71	56
71	61
72	34
72	36
72	37
72	43
72	62
72	63
72	64
73	33
73	37
73	38
73	39
73	44
73	65
73	66
73	67
73	68
73	69
74	33
74	39
74	40
74	41
74	42
74	43
74	44
74	70
74	71
75	33
75	41
75	72
76	33
76	40
76	73
77	33
77	39
77	40
77	73
78	34
78	40
78	41
78	42
78	43
78	73
79	35
79	43
79	72
80	36
80	43
80	44
80	45
80	46
80	47
80	48
80	70
80	71
81	37
81	48
81	49
81	69
82	37
82	49
82	50
82	51
82	52
82	69
83	38
83	52
83	69
84	39
84	40
84	52
84	53
84	69
85	41
85	53
85	54
85	68
86	42
86	43
86	54
86	68
87	43
87	44
87	54
87	67
88	42
88	44
88	45
88	47
88	48
88	54
88	55
88	66
89	42
89	46
89	49
89	50
89	51
89	56
89	63
89	64
89	65
90	43
90	51
90	52
90	53
90	56
90	62
91	43
91	54
91	56
91	62
92	43
92	54
92	55
92	56
92	62
93	43
93	56
93	61
94	42
94	56
94	61
95	42
95	56
95	57
95	60
96	43
96	57
96	60
97	43
97	58
97	59
98	43
98	58
99	43
99	58
100	42
100	56
100	57
101	42
101	56
102	42
102	56
103	42
103	54
103	55
104	42
104	52
104	53
105	43
105	50
105	51
106	44
106	51
107	44
107	51
108	44
108	51
109	43
109	50
110	43
110	50
111	44
111	51
112	44
112	50
113	44
113	49
114	44
114	49
115	45
115	49
116	46
116	50
117	47
117	51
118	48
118	49
118	50
XXX
North America Border
1	66
1	67
1	68
1	69
1	70
1	71
1	72
2	65
2	73
3	63
3	64
3	74
3	75
3	76
3	77
4	58
4	59
4	60
4	61
4	62
4	78
5	57
5	77
6	55
6	56
6	77
7	44
7	45
7	54
7	77
8	43
8	46
8	54
8	77
9	43
9	45
9	53
9	77
10	9
10	10
10	11
10	42
10	45
10	52
10	77
11	8
11	12
11	13
11	26
11	27
11	42
11	45
11	53
11	54
11	55
11	56
11	57
11	77
12	5
12	6
12	7
12	13
12	14
12	15
12	16
12	17
12	18
12	19
12	24
12	25
12	28
12	29
12	40
12	42
12	45
12	48
12	58
12	76
13	4
13	17
13	20
13	21
13	22
13	23
13	30
13	31
13	36
13	37
13	38
13	39
13	41
13	42
13	45
13	46
13	47
13	49
13	59
13	60
13	76
14	4
14	5
14	17
14	32
14	34
14	35
14	49
14	60
14	75
15	3
15	5
15	6
15	16
15	17
15	33
15	49
15	60
15	74
16	2
16	16
16	48
16	60
16	72
16	73
17	3
17	4
17	5
17	6
17	16
17	46
17	47
17	60
17	71
18	3
18	16
18	45
18	60
18	69
18	70
19	2
19	16
19	44
19	60
19	67
19	68
20	2
20	16
20	42
20	43
20	51
20	52
20	53
20	54
20	61
20	67
21	2
21	16
21	17
21	18
21	19
21	20
21	21
21	22
21	23
21	24
21	25
21	26
21	27
21	28
21	29
21	30
21	31
21	32
21	33
21	34
21	35
21	36
21	37
21	38
21	39
21	40
21	41
21	50
21	55
21	61
21	66
22	3
22	12
22	18
22	36
22	41
22	50
22	56
22	61
22	66
23	4
23	10
23	11
23	13
23	14
23	15
23	18
23	19
23	36
23	41
23	49
23	56
23	57
23	58
23	61
23	66
24	5
24	8
24	9
24	15
24	19
24	36
24	41
24	49
24	56
24	59
24	62
24	63
24	65
25	5
25	7
25	16
25	17
25	19
25	36
25	41
25	49
25	60
25	64
26	4
26	6
26	17
26	20
26	35
26	42
26	43
26	49
26	60
27	5
27	18
27	20
27	35
27	44
27	45
27	46
27	47
27	48
27	60
27	61
28	19
28	35
28	47
28	62
29	18
29	35
29	47
29	62
30	19
30	34
30	47
30	63
31	20
31	34
31	47
31	62
32	20
32	34
32	47
32	61
33	21
33	22
33	23
33	24
33	25
33	26
33	27
33	28
33	29
33	30
33	31
33	32
33	33
33	34
33	35
33	36
33	37
33	38
33	39
33	40
33	43
33	47
33	59
33	60
34	21
34	38
34	40
34	41
34	42
34	44
34	47
34	57
34	58
35	21
35	38
35	44
35	47
35	57
36	20
36	38
36	44
36	45
36	47
36	53
36	54
36	55
36	57
36	58
37	20
37	38
37	45
37	46
37	47
37	48
37	49
37	52
37	53
37	55
37	59
38	20
38	38
38	50
38	51
38	52
38	55
38	58
39	20
39	38
39	54
39	55
39	57
40	20
40	38
40	54
40	55
40	57
41	20
41	38
41	53
41	56
42	19
42	38
42	53
43	19
43	35
43	36
43	37
43	38
43	52
44	19
44	34
44	51
45	20
45	33
45	34
45	51
46	21
46	33
46	51
47	21
47	22
47	32
47	50
48	21
48	23
48	24
48	32
48	49
49	21
49	25
49	26
49	27
49	28
49	31
49	48
50	21
50	28
50	29
50	31
50	47
51	21
51	24
51	29
51	30
51	31
51	36
51	37
51	38
51	39
51	40
51	41
51	42
51	43
51	44
51	47
52	22
52	24
52	25
52	31
52	32
52	34
52	35
52	44
52	47
53	22
53	25
53	26
53	32
53	33
53	44
53	47
54	23
54	25
54	27
54	33
54	44
54	46
55	24
55	26
55	27
55	32
55	36
55	37
55	45
56	24
56	26
56	27
56	32
56	35
56	38
57	25
57	27
57	33
57	34
57	38
58	27
58	37
59	28
59	29
59	36
60	30
60	31
60	37
61	31
61	38
62	31
62	37
63	32
63	36
64	32
64	36
65	33
65	37
66	33
66	36
67	34
67	35
XXX
Asia Border
2	146
2	149
3	143
3	144
3	145
3	147
3	148
3	150
3	151
4	142
4	152
5	141
5	152
5	159
5	160
6	139
6	140
6	152
6	153
6	154
6	155
6	156
6	157
6	158
6	161
6	167
6	168
6	169
6	170
7	138
7	157
7	161
7	162
7	165
7	166
7	171
7	172
7	174
7	175
8	132
8	137
8	138
8	157
8	158
8	163
8	164
8	173
8	176
8	182
8	183
8	184
9	131
9	133
9	135
9	136
9	158
9	173
9	177
9	178
9	179
9	180
9	181
9	185
9	186
10	130
10	134
10	158
10	172
10	187
10	188
11	130
11	134
11	158
11	171
11	189
11	190
12	130
12	134
12	158
12	171
12	191
12	192
13	130
13	135
13	155
13	156
13	157
13	158
13	171
13	193
14	136
14	154
14	171
14	172
14	188
14	189
14	193
15	137
15	138
15	154
15	172
15	188
15	190
15	191
15	192
16	138
16	155
16	156
16	167
16	168
16	169
16	172
16	189
17	138
17	139
17	156
17	166
17	170
17	171
17	172
17	189
18	139
18	156
18	166
18	188
19	139
19	140
19	156
19	165
19	166
19	187
20	140
20	156
20	157
20	159
20	160
20	161
20	162
20	163
20	164
20	165
20	179
20	180
20	181
20	184
20	185
20	186
21	140
21	141
21	157
21	159
21	165
21	179
21	181
21	184
22	141
22	142
22	157
22	158
22	159
22	165
22	173
22	174
22	175
22	176
22	177
22	178
22	180
22	184
23	142
23	143
23	157
23	165
23	172
23	180
23	185
24	143
24	156
24	165
24	171
24	180
24	185
25	142
25	156
25	165
25	171
25	173
25	180
25	185
26	142
26	143
26	156
26	165
26	166
26	172
26	174
26	180
26	185
27	143
27	153
27	154
27	156
27	167
27	175
27	176
27	180
27	185
28	143
28	152
28	155
28	156
28	167
28	168
28	169
28	170
28	171
28	177
28	181
28	185
29	143
29	151
29	171
29	172
29	176
29	182
29	184
30	142
30	151
30	172
30	176
30	182
30	183
31	142
31	143
31	151
31	164
31	165
31	166
31	167
31	168
31	172
31	177
31	181
31	184
31	185
31	186
31	187
32	144
32	151
32	164
32	168
32	169
32	172
32	177
32	181
32	188
33	132
33	133
33	144
33	145
33	150
33	164
33	169
33	170
33	172
33	177
33	182
33	187
34	133
34	134
34	145
34	146
34	150
34	151
34	164
34	170
34	172
34	178
34	181
34	186
35	134
35	135
35	146
35	147
35	152
35	153
35	154
35	155
35	156
35	157
35	161
35	162
35	163
35	170
35	171
35	172
35	177
35	181
35	185
36	135
36	136
36	147
36	152
36	155
36	157
36	158
36	159
36	160
36	161
36	171
36	177
36	182
36	185
37	136
37	137
37	145
37	146
37	147
37	152
37	171
37	172
37	173
37	177
37	182
37	186
38	137
38	138
38	145
38	148
38	149
38	150
38	152
38	173
38	176
38	181
38	187
39	138
39	139
39	140
39	141
39	142
39	144
39	150
39	152
39	173
39	174
39	175
39	182
39	187
40	143
40	144
40	150
40	152
40	174
40	182
40	187
41	143
41	151
41	152
41	153
41	174
41	182
41	187
42	143
42	153
42	173
42	181
42	188
43	124
43	143
43	153
43	173
43	180
43	188
44	125
44	143
44	154
44	169
44	170
44	174
44	179
44	187
45	125
45	142
45	143
45	155
45	156
45	157
45	169
45	171
45	172
45	175
45	178
45	185
45	186
46	125
46	141
46	142
46	157
46	158
46	169
46	170
46	173
46	176
46	177
46	184
47	126
47	140
47	141
47	158
47	159
47	160
47	161
47	162
47	163
47	164
47	165
47	166
47	171
47	174
47	176
47	183
48	126
48	140
48	166
48	167
48	168
48	169
48	170
48	175
48	176
48	181
48	182
49	126
49	140
49	170
49	171
49	176
49	180
50	126
50	141
50	172
50	177
50	180
51	127
51	128
51	137
51	138
51	141
51	142
51	143
51	144
51	173
51	177
51	179
52	112
52	113
52	114
52	128
52	129
52	130
52	131
52	135
52	136
52	137
52	139
52	140
52	141
52	144
52	145
52	173
52	178
53	107
53	108
53	109
53	110
53	111
53	115
53	116
53	117
53	118
53	124
53	125
53	126
53	127
53	128
53	131
53	132
53	134
53	135
53	145
53	173
54	106
54	132
54	133
54	134
54	145
54	173
55	133
55	144
55	145
55	173
56	133
56	144
56	145
56	146
56	173
57	105
57	133
57	146
57	147
57	148
57	173
58	106
58	133
58	134
58	148
58	149
58	150
58	151
58	173
59	107
59	114
59	134
59	151
59	152
59	153
59	154
59	155
59	173
60	108
60	109
60	110
60	111
60	112
60	113
60	114
60	134
60	135
60	155
60	156
60	157
60	158
60	172
61	114
61	135
61	156
61	158
61	159
61	163
61	164
61	171
62	114
62	127
62	135
62	155
62	159
62	160
62	162
62	164
62	170
63	114
63	126
63	128
63	135
63	155
63	161
63	164
63	165
63	166
63	169
64	114
64	126
64	128
64	135
64	136
64	137
64	154
64	165
64	167
64	168
65	113
65	126
65	128
65	134
65	138
65	153
65	165
66	113
66	127
66	129
66	130
66	131
66	132
66	133
66	139
66	153
66	165
67	114
67	128
67	129
67	130
67	131
67	139
67	151
67	152
67	154
67	166
68	132
68	140
68	141
68	151
68	154
68	166
69	115
69	133
69	141
69	150
69	155
69	167
70	116
70	134
70	141
70	150
70	156
70	157
70	158
70	168
71	117
71	134
71	141
71	149
71	159
71	169
72	117
72	134
72	141
72	149
72	159
72	162
72	169
73	118
73	133
73	142
73	149
73	159
73	162
73	163
73	168
74	119
74	133
74	142
74	149
74	159
74	162
74	164
74	168
75	120
75	132
75	143
75	148
75	159
75	163
75	165
75	167
76	121
76	131
76	143
76	148
76	160
76	163
76	166
77	121
77	129
77	130
77	144
77	148
77	160
77	161
77	164
78	122
78	127
78	128
78	144
78	148
78	162
78	164
79	123
79	124
79	125
79	126
79	145
79	148
79	163
80	145
80	147
35	129
81	146
XXX
Crossings
13	0
13	1
13	2
13	3
14	50
14	51
14	52
14	53
14	54
14	55
14	56
14	57
14	58
14	59
14	194
14	195
14	196
14	197
14	198
14	199
15	57
15	58
15	59
16	55
16	56
16	58
17	53
17	54
17	57
17	72
18	51
18	52
18	56
18	73
18	74
19	49
19	50
19	55
19	75
19	76
20	47
20	48
20	77
21	46
21	45
22	44
22	43
23	42
26	87
27	85
27	88
27	89
27	90
28	85
28	91
29	84
29	91
29	92
30	84
30	89
30	90
30	92
31	84
31	88
31	92
32	83
32	86
32	87
32	92
33	83
33	85
33	92
34	84
34	92
35	84
35	85
35	86
35	92
36	87
36	88
36	89
36	178
37	90
37	178
37	179
38	180
39	181
41	177
41	178
41	179
41	180
41	181
42	174
42	175
42	176
62	104
63	104
64	105
76	167
77	167
78	167
79	167
81	169
81	170
82	171
82	172
82	173
84	175
84	176
85	175
85	176
86	175
86	177
87	175
87	177
88	175
88	177
89	175
89	178
90	175
90	178
91	175
91	178
92	122
92	175
93	122
93	175
94	122
95	122
96	122
97	123
98	123
99	123
100	123
101	123
102	123
103	123
105	121
106	120
107	119
108	117
108	118
109	115
109	116
77	74
77	75
77	76
93	173
XXX

